filename Fx Fy Fz Ft Fn
0.jpg 0.50 -0.30 18.60 0.58 18.60
1.jpg 0.40 -0.30 18.50 0.50 18.50
2.jpg 0.50 -0.60 19.20 0.78 19.20
3.jpg 0.30 -0.40 19.50 0.50 19.50
4.jpg 0.30 -0.50 19.30 0.58 19.30
5.jpg 0.20 -0.20 19.10 0.28 19.10
6.jpg 0.40 -0.40 19.30 0.57 19.30
7.jpg 0.30 -0.70 18.80 0.76 18.80
8.jpg 0.30 -0.70 18.30 0.76 18.30
9.jpg 0.10 -1.20 17.60 1.20 17.60
10.jpg 0.00 -1.20 16.40 1.20 16.40
11.jpg 0.00 -1.40 15.70 1.40 15.70
12.jpg -0.10 1.30 20.10 1.30 20.10
13.jpg 0.20 1.40 21.30 1.41 21.30
14.jpg 0.20 1.50 21.80 1.51 21.80
15.jpg 0.10 1.40 22.30 1.40 22.30
16.jpg -0.30 1.50 22.10 1.53 22.10
17.jpg 0.00 0.00 22.40 0.00 22.40
18.jpg -0.60 0.40 21.60 0.72 21.60
19.jpg -0.90 0.20 22.20 0.92 22.20
20.jpg -0.70 -0.10 22.40 0.71 22.40
21.jpg -0.90 0.30 22.20 0.95 22.20
22.jpg -0.90 -0.40 21.30 0.98 21.30
23.jpg -0.90 -1.30 20.20 1.58 20.20
24.jpg -0.90 -2.00 18.80 2.19 18.80
25.jpg -1.00 -1.90 10.40 2.15 10.40
26.jpg -0.30 -0.20 1.20 0.36 1.20
27.jpg -0.20 0.20 -0.10 0.28 -0.10
28.jpg 0.00 0.00 -0.00 0.00 -0.00
29.jpg -0.40 0.70 28.30 0.81 28.30
30.jpg -0.60 0.60 29.20 0.85 29.20
31.jpg -0.70 0.90 29.80 1.14 29.80
32.jpg -0.90 1.20 29.30 1.50 29.30
33.jpg -1.00 1.80 29.40 2.06 29.40
34.jpg -1.10 1.80 28.70 2.11 28.70
35.jpg -0.70 1.40 27.50 1.57 27.50
36.jpg -0.80 1.10 27.80 1.36 27.80
37.jpg -1.20 0.60 27.40 1.34 27.40
38.jpg -1.10 0.00 27.40 1.10 27.40
39.jpg -0.90 -0.40 27.20 0.98 27.20
40.jpg -1.10 -0.40 26.60 1.17 26.60
41.jpg -1.30 -0.60 26.00 1.43 26.00
42.jpg -1.00 -0.60 24.90 1.17 24.90
43.jpg -1.10 -0.50 24.50 1.21 24.50
44.jpg -1.20 -1.00 24.10 1.56 24.10
45.jpg -1.20 -1.10 22.00 1.63 22.00
46.jpg -0.40 -1.60 18.70 1.65 18.70
47.jpg -0.40 -1.70 11.20 1.75 11.20
48.jpg 1.30 0.50 30.80 1.39 30.80
49.jpg 1.20 0.60 31.70 1.34 31.70
50.jpg 0.40 0.30 32.20 0.50 32.20
51.jpg 0.30 -0.40 33.20 0.50 33.20
52.jpg 0.00 -0.80 33.60 0.80 33.60
53.jpg 0.30 -1.30 34.00 1.33 34.00
54.jpg 0.10 -1.60 34.30 1.60 34.30
55.jpg 0.00 -1.30 34.30 1.30 34.30
56.jpg -0.80 -1.90 35.80 2.06 35.80
57.jpg -0.60 -1.60 35.40 1.71 35.40
58.jpg -1.00 -1.40 34.20 1.72 34.20
59.jpg -0.60 -1.70 33.50 1.80 33.50
60.jpg -0.70 -2.10 32.00 2.21 32.00
61.jpg -0.40 -3.50 29.30 3.52 29.30
62.jpg 0.40 -5.70 21.30 5.71 21.30
63.jpg 0.00 -0.80 2.20 0.80 2.20
64.jpg 0.10 -0.10 0.10 0.14 0.10
65.jpg 0.00 0.10 -0.00 0.10 -0.00
66.jpg -1.50 0.50 21.30 1.58 21.30
67.jpg -1.70 1.10 23.40 2.02 23.40
68.jpg -1.30 0.10 27.20 1.30 27.20
69.jpg -1.50 0.20 30.80 1.51 30.80
70.jpg -1.30 0.10 32.50 1.30 32.50
71.jpg -1.30 1.00 33.80 1.64 33.80
72.jpg -1.10 -0.40 34.30 1.17 34.30
73.jpg -1.80 -0.60 32.90 1.90 32.90
74.jpg -1.80 -0.30 32.90 1.82 32.90
75.jpg -1.80 -0.50 33.20 1.87 33.20
76.jpg -1.40 -0.10 33.70 1.40 33.70
77.jpg -1.60 -0.40 33.10 1.65 33.10
78.jpg -1.60 -1.10 32.50 1.94 32.50
79.jpg -1.70 -2.10 30.60 2.70 30.60
80.jpg -1.40 -3.50 29.70 3.77 29.70
81.jpg -1.20 -3.60 26.30 3.79 26.30
82.jpg -1.20 -3.30 23.60 3.51 23.60
83.jpg -1.00 -1.60 12.60 1.89 12.60
84.jpg -0.40 -0.20 5.30 0.45 5.30
85.jpg 1.70 1.00 29.90 1.97 29.90
86.jpg 1.80 0.70 30.50 1.93 30.50
87.jpg 1.20 1.40 29.90 1.84 29.90
88.jpg 1.10 1.30 30.00 1.70 30.00
89.jpg 0.70 0.90 28.80 1.14 28.80
90.jpg 0.30 0.90 28.20 0.95 28.20
91.jpg -0.20 0.80 29.00 0.82 29.00
92.jpg 0.00 0.80 28.70 0.80 28.70
93.jpg -0.20 0.00 27.90 0.20 27.90
94.jpg -0.70 -0.50 27.00 0.86 27.00
95.jpg -1.00 -1.10 25.00 1.49 25.00
96.jpg -0.60 -1.60 24.40 1.71 24.40
97.jpg -0.90 -1.80 23.50 2.01 23.50
98.jpg -0.10 -4.70 30.40 4.70 30.40
99.jpg -0.30 -4.70 30.40 4.71 30.40
100.jpg -0.20 -4.60 30.00 4.60 30.00
101.jpg -0.40 -4.20 30.20 4.22 30.20
102.jpg -0.30 -4.30 30.40 4.31 30.40
103.jpg 0.00 -4.50 30.20 4.50 30.20
104.jpg -0.30 -3.70 29.50 3.71 29.50
105.jpg -0.40 -3.00 29.40 3.03 29.40
106.jpg -0.30 -3.00 28.80 3.01 28.80
107.jpg -0.40 -2.90 28.10 2.93 28.10
108.jpg -0.60 -2.60 27.30 2.67 27.30
109.jpg -0.60 -2.30 26.70 2.38 26.70
110.jpg -0.30 -2.40 26.10 2.42 26.10
111.jpg -0.40 -2.40 25.20 2.43 25.20
112.jpg -0.20 -2.50 23.40 2.51 23.40
113.jpg -0.40 -2.20 21.70 2.24 21.70
114.jpg -0.10 0.30 24.00 0.32 24.00
115.jpg -0.10 0.80 25.60 0.81 25.60
116.jpg 0.00 0.70 26.90 0.70 26.90
117.jpg 0.10 0.80 27.80 0.81 27.80
118.jpg -0.20 1.30 28.30 1.32 28.30
119.jpg 0.20 1.30 29.00 1.32 29.00
120.jpg 0.00 1.20 29.20 1.20 29.20
121.jpg -0.30 1.70 29.60 1.73 29.60
122.jpg -0.10 1.70 29.70 1.70 29.70
123.jpg -0.40 1.70 29.50 1.75 29.50
124.jpg -0.30 1.50 29.40 1.53 29.40
125.jpg -0.50 1.20 29.50 1.30 29.50
126.jpg -0.60 0.60 29.20 0.85 29.20
127.jpg -0.70 0.20 28.30 0.73 28.30
128.jpg -0.70 -0.80 27.30 1.06 27.30
129.jpg -0.90 -1.20 26.40 1.50 26.40
130.jpg -0.70 -2.20 25.10 2.31 25.10
131.jpg -0.70 -2.50 24.20 2.60 24.20
132.jpg -0.50 -3.20 23.60 3.24 23.60
133.jpg -0.20 -3.60 22.10 3.61 22.10
134.jpg -0.10 -3.80 19.10 3.80 19.10
135.jpg -0.70 -5.00 22.60 5.05 22.60
136.jpg -0.60 -4.40 26.10 4.44 26.10
137.jpg -0.30 -4.60 27.70 4.61 27.70
138.jpg -0.60 -4.40 29.30 4.44 29.30
139.jpg -0.30 -4.60 29.90 4.61 29.90
140.jpg -0.40 -4.30 30.20 4.32 30.20
141.jpg -0.50 -4.40 30.40 4.43 30.40
142.jpg -0.60 -4.40 30.30 4.44 30.30
143.jpg -0.60 -3.90 30.60 3.95 30.60
144.jpg -0.60 -3.60 30.30 3.65 30.30
145.jpg -0.50 -2.80 30.10 2.84 30.10
146.jpg -0.70 -2.30 29.60 2.40 29.60
147.jpg -0.60 -2.10 28.90 2.18 28.90
148.jpg -0.90 -2.00 27.80 2.19 27.80
149.jpg -0.90 -1.90 27.00 2.10 27.00
150.jpg -0.90 -2.00 26.10 2.19 26.10
151.jpg -0.80 -1.80 25.00 1.97 25.00
152.jpg -0.90 -1.90 24.00 2.10 24.00
153.jpg -1.10 -1.50 23.30 1.86 23.30
154.jpg -0.60 -0.90 21.10 1.08 21.10
155.jpg 0.70 1.40 29.00 1.57 29.00
156.jpg 0.50 1.00 29.40 1.12 29.40
157.jpg 0.30 1.00 30.50 1.04 30.50
158.jpg -0.10 1.10 31.40 1.10 31.40
159.jpg -0.30 1.30 32.10 1.33 32.10
160.jpg -0.30 1.10 31.50 1.14 31.50
161.jpg -0.30 1.40 30.70 1.43 30.70
162.jpg -0.20 1.40 30.70 1.41 30.70
163.jpg -0.60 1.60 30.30 1.71 30.30
164.jpg -0.60 1.00 29.50 1.17 29.50
165.jpg -0.70 0.50 28.80 0.86 28.80
166.jpg -1.20 0.20 28.20 1.22 28.20
167.jpg -1.00 0.00 27.60 1.00 27.60
168.jpg -1.20 -0.60 27.70 1.34 27.70
169.jpg -1.30 -0.90 26.60 1.58 26.60
170.jpg -1.10 -1.30 25.20 1.70 25.20
171.jpg -0.70 -1.40 23.80 1.57 23.80
172.jpg -0.90 -1.40 23.10 1.66 23.10
173.jpg -0.80 -1.50 22.40 1.70 22.40
174.jpg -0.80 -1.70 22.10 1.88 22.10
175.jpg 0.20 -4.10 34.50 4.10 34.50
176.jpg 0.10 -4.20 34.00 4.20 34.00
177.jpg 0.00 -4.70 33.70 4.70 33.70
178.jpg 0.00 -4.40 34.00 4.40 34.00
179.jpg 0.00 -4.50 33.90 4.50 33.90
180.jpg 0.30 -3.80 33.40 3.81 33.40
181.jpg 0.10 -3.20 33.10 3.20 33.10
182.jpg 0.10 -2.60 31.50 2.60 31.50
183.jpg -0.40 -2.10 31.00 2.14 31.00
184.jpg -0.40 -1.60 30.10 1.65 30.10
185.jpg 0.00 -1.50 29.70 1.50 29.70
186.jpg -0.70 -1.10 27.30 1.30 27.30
187.jpg -0.50 -1.40 24.60 1.49 24.60
188.jpg -0.40 -1.70 21.40 1.75 21.40
189.jpg 0.30 0.70 11.00 0.76 11.00
190.jpg 0.10 0.40 10.40 0.41 10.40
191.jpg -0.10 0.70 11.50 0.71 11.50
192.jpg -0.20 1.00 12.20 1.02 12.20
193.jpg -0.30 1.10 11.50 1.14 11.50
194.jpg -0.20 0.70 11.20 0.73 11.20
195.jpg 0.00 0.60 10.90 0.60 10.90
196.jpg -0.20 0.60 10.60 0.63 10.60
197.jpg -0.30 0.70 10.50 0.76 10.50
198.jpg -0.50 0.50 10.70 0.71 10.70
199.jpg -0.40 0.30 10.70 0.50 10.70
200.jpg -0.40 0.20 10.50 0.45 10.50
201.jpg -0.50 0.10 10.20 0.51 10.20
202.jpg -0.40 0.20 10.00 0.45 10.00
203.jpg -0.20 0.00 10.00 0.20 10.00
204.jpg -0.40 -0.10 9.70 0.41 9.70
205.jpg -0.40 0.00 9.60 0.40 9.60
206.jpg -0.40 -0.10 9.40 0.41 9.40
207.jpg -0.40 -0.20 9.30 0.45 9.30
208.jpg -0.40 -0.10 9.10 0.41 9.10
209.jpg -0.30 0.00 9.00 0.30 9.00
210.jpg -0.50 -0.10 8.70 0.51 8.70
211.jpg -0.30 -0.50 8.40 0.58 8.40
212.jpg -0.40 -0.50 8.20 0.64 8.20
213.jpg 0.70 0.60 13.60 0.92 13.60
214.jpg 0.60 0.30 14.60 0.67 14.60
215.jpg 0.60 0.40 15.00 0.72 15.00
216.jpg 0.50 0.40 15.60 0.64 15.60
217.jpg 0.60 0.40 16.00 0.72 16.00
218.jpg 0.40 0.50 16.30 0.64 16.30
219.jpg 0.30 0.70 16.50 0.76 16.50
220.jpg 0.20 1.10 16.50 1.12 16.50
221.jpg 0.10 0.60 16.50 0.61 16.50
222.jpg 0.10 0.20 16.80 0.22 16.80
223.jpg 0.00 0.10 16.70 0.10 16.70
224.jpg -0.20 -0.10 16.30 0.22 16.30
225.jpg -0.30 -0.40 16.40 0.50 16.40
226.jpg -0.30 -0.60 16.50 0.67 16.50
227.jpg -0.30 -0.90 16.50 0.95 16.50
228.jpg -0.40 -1.00 16.60 1.08 16.60
229.jpg -0.50 -1.20 16.60 1.30 16.60
230.jpg -0.60 -1.20 16.00 1.34 16.00
231.jpg -0.60 -1.40 16.00 1.52 16.00
232.jpg -0.60 -1.60 15.90 1.71 15.90
233.jpg -0.60 -1.90 15.40 1.99 15.40
234.jpg -0.80 -1.70 13.80 1.88 13.80
235.jpg -0.70 -1.70 13.20 1.84 13.20
236.jpg -0.30 -0.90 10.00 0.95 10.00
237.jpg 0.70 0.40 15.90 0.81 15.90
238.jpg 0.80 0.40 15.60 0.89 15.60
239.jpg 0.80 0.40 16.00 0.89 16.00
240.jpg 1.10 0.60 17.10 1.25 17.10
241.jpg 1.00 0.30 17.50 1.04 17.50
242.jpg 0.90 0.20 17.70 0.92 17.70
243.jpg 0.70 0.40 17.80 0.81 17.80
244.jpg 0.60 0.40 17.80 0.72 17.80
245.jpg 0.40 0.10 17.60 0.41 17.60
246.jpg 0.50 -0.10 17.30 0.51 17.30
247.jpg 0.30 0.30 17.20 0.42 17.20
248.jpg 0.30 0.30 17.00 0.42 17.00
249.jpg 0.40 -0.40 17.50 0.57 17.50
250.jpg 0.10 -0.30 16.80 0.32 16.80
251.jpg 0.20 -0.70 15.30 0.73 15.30
252.jpg -0.30 -2.20 8.20 2.22 8.20
253.jpg -0.70 -2.60 16.50 2.69 16.50
254.jpg -0.60 -2.60 16.40 2.67 16.40
255.jpg -0.60 -2.70 16.20 2.77 16.20
256.jpg -0.50 -2.70 15.90 2.75 15.90
257.jpg -0.50 -2.40 15.80 2.45 15.80
258.jpg -0.40 -2.20 15.70 2.24 15.70
259.jpg -0.40 -1.60 15.70 1.65 15.70
260.jpg -0.30 -1.20 15.70 1.24 15.70
261.jpg -0.40 -1.00 15.80 1.08 15.80
262.jpg -0.30 -1.00 15.70 1.04 15.70
263.jpg -0.30 -1.20 15.50 1.24 15.50
264.jpg -0.10 -1.40 15.00 1.40 15.00
265.jpg -0.10 -1.30 14.80 1.30 14.80
266.jpg -0.10 -1.10 14.50 1.10 14.50
267.jpg -0.20 -1.20 14.00 1.22 14.00
268.jpg -0.10 -1.10 13.50 1.10 13.50
269.jpg 0.00 -1.10 11.70 1.10 11.70
270.jpg -0.10 -0.80 10.10 0.81 10.10
271.jpg -0.20 -0.50 9.80 0.54 9.80
272.jpg -0.10 -0.40 14.60 0.41 14.60
273.jpg 0.10 -0.30 15.10 0.32 15.10
274.jpg 0.00 0.10 15.50 0.10 15.50
275.jpg 0.10 0.50 15.50 0.51 15.50
276.jpg 0.20 0.50 15.90 0.54 15.90
277.jpg 0.20 0.80 15.80 0.82 15.80
278.jpg 0.30 0.70 15.70 0.76 15.70
279.jpg 0.20 0.90 15.80 0.92 15.80
280.jpg 0.10 0.60 15.80 0.61 15.80
281.jpg 0.10 0.40 15.70 0.41 15.70
282.jpg 0.10 0.10 15.80 0.14 15.80
283.jpg -0.60 0.50 17.70 0.78 17.70
284.jpg -0.80 0.50 17.90 0.94 17.90
285.jpg -1.10 0.50 17.10 1.21 17.10
286.jpg -1.10 0.80 17.70 1.36 17.70
287.jpg -1.00 0.60 18.30 1.17 18.30
288.jpg -1.00 0.20 19.40 1.02 19.40
289.jpg -0.80 0.40 20.00 0.89 20.00
290.jpg -1.00 0.30 20.20 1.04 20.20
291.jpg -1.20 0.10 20.20 1.20 20.20
292.jpg -1.30 -0.30 21.10 1.33 21.10
293.jpg -1.30 -0.20 20.70 1.32 20.70
294.jpg -1.40 -0.20 20.40 1.41 20.40
295.jpg -1.50 0.00 20.20 1.50 20.20
296.jpg -1.60 -0.20 19.50 1.61 19.50
297.jpg -1.80 0.10 18.60 1.80 18.60
298.jpg -1.60 -1.60 16.60 2.26 16.60
299.jpg -1.30 -2.30 14.10 2.64 14.10
300.jpg -1.10 -2.20 13.60 2.46 13.60
301.jpg -1.10 -2.20 13.70 2.46 13.70
302.jpg -1.00 -2.30 13.90 2.51 13.90
303.jpg -1.10 -2.20 14.00 2.46 14.00
304.jpg -0.70 -2.10 19.10 2.21 19.10
305.jpg -0.70 -1.90 19.70 2.02 19.70
306.jpg -0.60 -2.20 19.90 2.28 19.90
307.jpg -0.50 -2.10 20.10 2.16 20.10
308.jpg -0.50 -2.20 20.40 2.26 20.40
309.jpg -0.50 -1.90 20.20 1.96 20.20
310.jpg -0.60 -1.60 19.60 1.71 19.60
311.jpg -0.50 -1.80 19.70 1.87 19.70
312.jpg -0.30 -2.00 19.10 2.02 19.10
313.jpg -0.10 -1.50 18.60 1.50 18.60
314.jpg -0.40 -1.20 18.20 1.26 18.20
315.jpg -0.40 -0.40 16.90 0.57 16.90
316.jpg -0.80 -0.20 15.70 0.82 15.70
317.jpg -0.70 0.20 13.90 0.73 13.90
318.jpg -0.60 0.50 14.10 0.78 14.10
319.jpg -0.40 0.50 14.10 0.64 14.10
320.jpg -0.40 0.80 14.60 0.89 14.60
321.jpg -0.40 1.00 14.50 1.08 14.50
322.jpg -0.20 1.20 14.80 1.22 14.80
323.jpg -0.20 1.30 15.30 1.32 15.30
324.jpg -0.20 1.60 16.70 1.61 16.70
325.jpg 0.00 1.20 17.90 1.20 17.90
326.jpg -0.30 0.80 19.30 0.85 19.30
327.jpg -0.20 0.50 20.20 0.54 20.20
328.jpg -0.30 0.60 21.00 0.67 21.00
329.jpg -0.40 0.80 21.10 0.89 21.10
330.jpg -0.60 0.00 20.90 0.60 20.90
331.jpg -0.50 -0.40 21.10 0.64 21.10
332.jpg -0.60 -0.20 20.40 0.63 20.40
333.jpg -0.70 -0.40 20.40 0.81 20.40
334.jpg -0.70 -0.60 19.90 0.92 19.90
335.jpg -0.90 -0.60 19.60 1.08 19.60
336.jpg -0.90 -0.60 19.00 1.08 19.00
337.jpg -1.00 -0.60 18.50 1.17 18.50
338.jpg -0.90 -1.40 17.60 1.66 17.60
339.jpg -0.60 -1.90 16.90 1.99 16.90
340.jpg -0.40 -1.70 16.60 1.75 16.60
341.jpg -0.70 -3.20 18.80 3.28 18.80
342.jpg -1.00 -2.30 21.10 2.51 21.10
343.jpg -1.10 -2.60 22.80 2.82 22.80
344.jpg -0.60 -3.20 23.80 3.26 23.80
345.jpg -0.70 -3.20 23.60 3.28 23.60
346.jpg -0.30 -2.80 23.40 2.82 23.40
347.jpg -0.60 -2.30 23.00 2.38 23.00
348.jpg -0.60 -2.20 22.50 2.28 22.50
349.jpg -0.50 -2.40 22.10 2.45 22.10
350.jpg -0.70 -2.20 21.00 2.31 21.00
351.jpg -0.70 -1.90 20.50 2.02 20.50
352.jpg -0.60 -1.80 19.60 1.90 19.60
353.jpg -0.80 -0.90 19.50 1.20 19.50
354.jpg -0.60 -0.50 18.40 0.78 18.40
355.jpg -0.70 -0.70 17.70 0.99 17.70
356.jpg -0.70 -0.40 15.80 0.81 15.80
357.jpg -0.20 0.20 15.70 0.28 15.70
358.jpg -0.10 0.40 16.00 0.41 16.00
359.jpg -0.20 0.60 16.10 0.63 16.10
360.jpg -0.10 0.60 16.00 0.61 16.00
361.jpg 0.20 1.30 21.90 1.32 21.90
362.jpg 0.20 0.90 22.20 0.92 22.20
363.jpg 0.20 0.70 22.50 0.73 22.50
364.jpg -0.10 1.00 22.60 1.00 22.60
365.jpg -0.10 0.90 22.60 0.91 22.60
366.jpg -0.40 0.70 22.20 0.81 22.20
367.jpg -0.60 0.50 21.60 0.78 21.60
368.jpg -0.70 0.20 21.30 0.73 21.30
369.jpg -0.90 0.30 21.10 0.95 21.10
370.jpg -0.70 0.10 20.70 0.71 20.70
371.jpg -0.90 0.30 19.50 0.95 19.50
372.jpg -0.60 -0.60 19.00 0.85 19.00
373.jpg -0.40 -1.90 17.80 1.94 17.80
374.jpg -0.30 -3.00 15.80 3.01 15.80
375.jpg -0.20 -2.70 14.50 2.71 14.50
376.jpg -0.20 -2.80 14.40 2.81 14.40
377.jpg -0.20 -2.70 14.20 2.71 14.20
378.jpg -0.20 -2.60 14.00 2.61 14.00
379.jpg -0.20 -2.50 14.00 2.51 14.00
380.jpg -0.10 -2.50 11.00 2.50 11.00
381.jpg -0.70 2.80 23.60 2.89 23.60
382.jpg -0.70 1.50 24.80 1.66 24.80
383.jpg -0.90 2.00 25.00 2.19 25.00
384.jpg -1.10 1.00 24.90 1.49 24.90
385.jpg -1.10 0.50 24.90 1.21 24.90
386.jpg -1.30 0.50 25.30 1.39 25.30
387.jpg -1.30 0.70 25.10 1.48 25.10
388.jpg -1.30 1.00 24.90 1.64 24.90
389.jpg -1.70 0.70 24.80 1.84 24.80
390.jpg -1.90 0.40 25.00 1.94 25.00
391.jpg -1.80 0.10 24.90 1.80 24.90
392.jpg -1.90 -0.10 24.40 1.90 24.40
393.jpg -2.00 -0.10 23.80 2.00 23.80
394.jpg -2.00 0.10 23.20 2.00 23.20
395.jpg -2.10 -0.20 22.90 2.11 22.90
396.jpg -1.90 -0.90 22.60 2.10 22.60
397.jpg -1.90 -1.10 22.00 2.20 22.00
398.jpg -1.80 -1.60 20.70 2.41 20.70
399.jpg -1.90 -1.30 15.60 2.30 15.60
400.jpg -1.20 -0.60 11.70 1.34 11.70
401.jpg -0.80 0.10 7.20 0.81 7.20
402.jpg -0.40 0.70 -0.10 0.81 -0.10
403.jpg 0.10 1.30 20.90 1.30 20.90
404.jpg -0.30 1.40 22.10 1.43 22.10
405.jpg -0.10 1.80 23.20 1.80 23.20
406.jpg -0.10 1.40 23.40 1.40 23.40
407.jpg -0.20 1.40 23.30 1.41 23.30
408.jpg -0.30 1.50 23.70 1.53 23.70
409.jpg -0.10 1.20 23.60 1.20 23.60
410.jpg -0.40 1.20 23.40 1.26 23.40
411.jpg -0.60 0.40 23.10 0.72 23.10
412.jpg -0.60 -0.20 23.00 0.63 23.00
413.jpg -0.90 -0.30 22.00 0.95 22.00
414.jpg -0.70 -0.60 21.90 0.92 21.90
415.jpg -0.70 -0.70 21.40 0.99 21.40
416.jpg -0.80 -1.00 20.80 1.28 20.80
417.jpg -0.90 -0.90 20.40 1.27 20.40
418.jpg -0.90 -0.80 19.20 1.20 19.20
419.jpg -0.80 -0.70 17.60 1.06 17.60
420.jpg -0.80 -0.50 15.60 0.94 15.60
421.jpg -0.30 -0.20 11.00 0.36 11.00
422.jpg -0.80 0.90 16.00 1.20 16.00
423.jpg -0.70 0.80 16.00 1.06 16.00
424.jpg -0.80 0.90 15.90 1.20 15.90
425.jpg -0.80 0.70 16.10 1.06 16.10
426.jpg -0.70 0.40 16.10 0.81 16.10
427.jpg -0.70 0.40 16.10 0.81 16.10
428.jpg -0.80 0.40 16.20 0.89 16.20
429.jpg -1.00 0.50 16.20 1.12 16.20
430.jpg -0.90 0.30 15.90 0.95 15.90
431.jpg -1.00 0.10 15.80 1.00 15.80
432.jpg -1.10 0.10 15.60 1.10 15.60
433.jpg -1.10 -0.20 15.50 1.12 15.50
434.jpg -1.00 -0.10 15.40 1.00 15.40
435.jpg -1.00 -0.20 15.10 1.02 15.10
436.jpg -1.00 -0.60 15.10 1.17 15.10
437.jpg -1.20 -0.60 14.40 1.34 14.40
438.jpg -1.10 -0.60 14.10 1.25 14.10
439.jpg -1.00 -0.90 13.60 1.35 13.60
440.jpg -0.90 -1.20 12.60 1.50 12.60
441.jpg -1.10 -1.90 14.10 2.20 14.10
442.jpg -1.20 -2.20 15.20 2.51 15.20
443.jpg -1.20 -2.00 15.80 2.33 15.80
444.jpg -1.20 -1.80 15.90 2.16 15.90
445.jpg -0.80 -1.50 16.50 1.70 16.50
446.jpg -0.80 -1.30 16.50 1.53 16.50
447.jpg -0.70 -1.00 16.40 1.22 16.40
448.jpg -0.60 -1.00 16.40 1.17 16.40
449.jpg -0.70 -1.10 16.30 1.30 16.30
450.jpg -0.50 -1.40 16.20 1.49 16.20
451.jpg -0.60 -1.20 15.90 1.34 15.90
452.jpg -0.50 -1.20 15.80 1.30 15.80
453.jpg -0.50 -1.00 15.40 1.12 15.40
454.jpg -0.50 -0.70 15.10 0.86 15.10
455.jpg -0.40 -0.50 14.80 0.64 14.80
456.jpg -0.30 -0.50 14.60 0.58 14.60
457.jpg -0.30 -0.50 14.30 0.58 14.30
458.jpg -0.30 -0.50 13.60 0.58 13.60
459.jpg -0.20 -0.30 13.80 0.36 13.80
460.jpg -0.30 -0.20 14.30 0.36 14.30
461.jpg 0.90 1.30 22.20 1.58 22.20
462.jpg 0.80 1.30 21.70 1.53 21.70
463.jpg 0.70 1.80 21.50 1.93 21.50
464.jpg 0.50 1.10 21.30 1.21 21.30
465.jpg 0.60 1.10 20.60 1.25 20.60
466.jpg 0.30 1.20 20.10 1.24 20.10
467.jpg 0.20 1.20 19.70 1.22 19.70
468.jpg 0.10 0.90 19.40 0.91 19.40
469.jpg 0.00 1.10 19.30 1.10 19.30
470.jpg -0.30 1.10 19.20 1.14 19.20
471.jpg -0.30 1.00 19.20 1.04 19.20
472.jpg -0.50 0.90 19.30 1.03 19.30
473.jpg -0.30 0.60 19.50 0.67 19.50
474.jpg -0.70 0.80 19.30 1.06 19.30
475.jpg -0.90 0.90 19.10 1.27 19.10
476.jpg -0.50 0.20 19.00 0.54 19.00
477.jpg -0.70 0.50 19.00 0.86 19.00
478.jpg -0.50 0.20 18.70 0.54 18.70
479.jpg -0.60 0.20 18.30 0.63 18.30
480.jpg -0.60 0.10 18.40 0.61 18.40
481.jpg -0.70 -0.20 18.40 0.73 18.40
482.jpg -0.60 -0.40 18.10 0.72 18.10
483.jpg -0.50 -0.50 17.30 0.71 17.30
484.jpg -0.60 -0.60 17.10 0.85 17.10
485.jpg -0.10 -1.10 15.70 1.10 15.70
486.jpg -0.20 -1.60 16.80 1.61 16.80
487.jpg -0.10 -1.80 17.20 1.80 17.20
488.jpg -0.60 -2.00 17.30 2.09 17.30
489.jpg -0.50 -2.10 17.70 2.16 17.70
490.jpg -0.50 -1.90 18.10 1.96 18.10
491.jpg -0.50 -1.70 18.20 1.77 18.20
492.jpg -0.30 -1.40 17.70 1.43 17.70
493.jpg -0.30 -1.50 16.90 1.53 16.90
494.jpg 0.00 -1.40 16.80 1.40 16.80
495.jpg 0.00 -1.40 16.60 1.40 16.60
496.jpg 0.10 -1.50 16.50 1.50 16.50
497.jpg 0.20 -1.60 16.20 1.61 16.20
498.jpg 0.20 -1.50 15.90 1.51 15.90
499.jpg 0.20 -1.60 15.50 1.61 15.50
500.jpg 0.20 -1.00 15.40 1.02 15.40
501.jpg 0.20 -0.80 15.50 0.82 15.50
502.jpg 0.30 -0.80 15.20 0.85 15.20
503.jpg 0.40 -0.80 14.90 0.89 14.90
504.jpg 0.30 -0.60 14.10 0.67 14.10
505.jpg 0.10 -0.50 13.10 0.51 13.10
506.jpg -0.30 -0.20 11.20 0.36 11.20
507.jpg -0.10 0.10 9.60 0.14 9.60
508.jpg -0.10 0.40 9.80 0.41 9.80
509.jpg 0.10 1.60 18.20 1.60 18.20
510.jpg 0.30 1.80 18.80 1.82 18.80
511.jpg -0.10 1.90 19.20 1.90 19.20
512.jpg -0.10 1.50 19.50 1.50 19.50
513.jpg -0.40 1.40 20.00 1.46 20.00
514.jpg -0.50 1.20 19.60 1.30 19.60
515.jpg -0.50 0.90 19.80 1.03 19.80
516.jpg -0.50 0.70 19.60 0.86 19.60
517.jpg -0.60 0.80 19.00 1.00 19.00
518.jpg -0.50 0.60 18.10 0.78 18.10
519.jpg -0.70 0.80 17.30 1.06 17.30
520.jpg -0.60 0.50 16.80 0.78 16.80
521.jpg -0.80 0.50 16.60 0.94 16.60
522.jpg -0.80 0.40 16.20 0.89 16.20
523.jpg -0.90 0.40 16.00 0.98 16.00
524.jpg -0.90 0.10 15.80 0.91 15.80
525.jpg -1.00 0.00 15.50 1.00 15.50
526.jpg -0.80 -0.50 15.20 0.94 15.20
527.jpg -0.80 -0.50 14.40 0.94 14.40
528.jpg -0.80 -0.80 13.70 1.13 13.70
529.jpg -0.70 -1.90 12.60 2.02 12.60
530.jpg -0.50 -2.10 10.60 2.16 10.60
531.jpg -0.90 -2.20 9.40 2.38 9.40
532.jpg -0.60 -1.90 7.90 1.99 7.90
533.jpg -0.50 -1.00 5.10 1.12 5.10
534.jpg 0.50 0.10 8.60 0.51 8.60
535.jpg 0.70 0.20 9.80 0.73 9.80
536.jpg 0.50 0.30 9.80 0.58 9.80
537.jpg 0.20 0.30 9.10 0.36 9.10
538.jpg 0.00 0.50 9.20 0.50 9.20
539.jpg -0.10 0.50 9.10 0.51 9.10
540.jpg 0.00 0.30 9.00 0.30 9.00
541.jpg -0.10 0.10 8.90 0.14 8.90
542.jpg -0.10 -0.20 9.00 0.22 9.00
543.jpg -0.20 -0.30 9.10 0.36 9.10
544.jpg -0.10 -0.40 9.10 0.41 9.10
545.jpg -0.20 -0.30 9.20 0.36 9.20
546.jpg -0.30 -0.20 9.00 0.36 9.00
547.jpg -0.30 -0.30 8.60 0.42 8.60
548.jpg -0.40 -0.30 8.10 0.50 8.10
549.jpg -0.40 -0.20 7.60 0.45 7.60
550.jpg -0.30 -0.50 7.60 0.58 7.60
551.jpg -0.30 -0.60 7.40 0.67 7.40
552.jpg -0.30 -0.60 6.80 0.67 6.80
553.jpg -0.10 -0.70 6.20 0.71 6.20
554.jpg 0.00 -1.10 4.90 1.10 4.90
555.jpg -0.20 -0.70 3.10 0.73 3.10
556.jpg 0.00 -0.50 1.40 0.50 1.40
557.jpg 0.40 0.40 9.90 0.57 9.90
558.jpg 0.30 0.40 10.30 0.50 10.30
559.jpg 0.30 0.40 10.40 0.50 10.40
560.jpg 0.20 0.40 10.30 0.45 10.30
561.jpg 0.20 0.50 10.10 0.54 10.10
562.jpg 0.30 0.50 10.20 0.58 10.20
563.jpg 0.10 0.60 10.20 0.61 10.20
564.jpg 0.00 0.50 10.30 0.50 10.30
565.jpg -0.10 0.50 10.40 0.51 10.40
566.jpg 0.00 0.80 10.40 0.80 10.40
567.jpg -0.10 0.40 10.40 0.41 10.40
568.jpg -0.20 0.50 10.10 0.54 10.10
569.jpg -0.30 0.50 10.00 0.58 10.00
570.jpg -0.30 0.50 10.20 0.58 10.20
571.jpg -0.30 0.40 10.10 0.50 10.10
572.jpg -0.30 0.20 10.10 0.36 10.10
573.jpg -0.40 0.00 9.90 0.40 9.90
574.jpg -0.50 0.00 9.90 0.50 9.90
575.jpg -0.50 -0.10 9.80 0.51 9.80
576.jpg -0.60 -0.30 9.40 0.67 9.40
577.jpg -0.50 -0.60 8.60 0.78 8.60
578.jpg -0.60 -0.50 7.70 0.78 7.70
579.jpg -0.60 -0.60 6.50 0.85 6.50
580.jpg -0.30 -0.90 4.30 0.95 4.30
581.jpg -0.10 -0.40 0.60 0.41 0.60
582.jpg -0.40 0.50 8.40 0.64 8.40
583.jpg -0.60 0.70 8.00 0.92 8.00
584.jpg -0.30 0.60 8.20 0.67 8.20
585.jpg -0.50 1.20 8.10 1.30 8.10
586.jpg -0.30 1.30 7.80 1.33 7.80
587.jpg -0.50 1.40 7.40 1.49 7.40
588.jpg -0.60 1.40 7.40 1.52 7.40
589.jpg -0.30 1.20 7.50 1.24 7.50
590.jpg -0.40 1.00 7.90 1.08 7.90
591.jpg -0.40 0.90 8.20 0.98 8.20
592.jpg -0.50 1.00 8.20 1.12 8.20
593.jpg -0.40 0.90 8.30 0.98 8.30
594.jpg -0.30 0.70 8.20 0.76 8.20
595.jpg -0.40 0.70 8.00 0.81 8.00
596.jpg -0.40 0.70 7.90 0.81 7.90
597.jpg -0.30 0.50 7.80 0.58 7.80
598.jpg -0.30 0.10 7.40 0.32 7.40
599.jpg -0.20 -0.10 6.50 0.22 6.50
600.jpg -0.10 -0.40 6.10 0.41 6.10
601.jpg 0.00 -0.60 5.70 0.60 5.70
602.jpg 0.00 -0.60 5.10 0.60 5.10
603.jpg -0.10 0.80 8.10 0.81 8.10
604.jpg 0.00 0.90 8.20 0.90 8.20
605.jpg 0.10 0.80 8.30 0.81 8.30
606.jpg 0.00 0.70 8.40 0.70 8.40
607.jpg -0.20 0.80 8.60 0.82 8.60
608.jpg 0.00 0.70 9.00 0.70 9.00
609.jpg 0.00 0.30 9.40 0.30 9.40
610.jpg -0.20 0.60 9.30 0.63 9.30
611.jpg -0.30 0.30 9.60 0.42 9.60
612.jpg -0.20 0.10 9.70 0.22 9.70
613.jpg -0.20 0.00 9.40 0.20 9.40
614.jpg -0.30 0.10 9.30 0.32 9.30
615.jpg -0.10 -0.30 9.10 0.32 9.10
616.jpg -0.30 -0.20 8.50 0.36 8.50
617.jpg -0.20 -0.30 8.50 0.36 8.50
618.jpg -0.30 -0.40 8.10 0.50 8.10
619.jpg 0.00 -0.60 7.90 0.60 7.90
620.jpg -0.10 -0.80 6.80 0.81 6.80
621.jpg 0.00 -0.80 3.40 0.80 3.40
622.jpg -0.10 -0.80 2.60 0.81 2.60
623.jpg -0.10 -0.70 2.00 0.71 2.00
624.jpg 0.40 0.70 14.70 0.81 14.70
625.jpg 0.30 0.80 14.50 0.85 14.50
626.jpg 0.40 0.80 14.20 0.89 14.20
627.jpg 0.40 1.20 14.60 1.26 14.60
628.jpg 0.30 1.20 14.10 1.24 14.10
629.jpg 0.10 1.10 13.60 1.10 13.60
630.jpg 0.00 1.20 13.50 1.20 13.50
631.jpg 0.10 0.90 13.50 0.91 13.50
632.jpg 0.00 0.60 13.20 0.60 13.20
633.jpg 0.10 0.50 13.30 0.51 13.30
634.jpg 0.00 0.60 13.10 0.60 13.10
635.jpg 0.10 0.70 12.80 0.71 12.80
636.jpg 0.00 0.90 12.20 0.90 12.20
637.jpg 0.10 0.20 11.70 0.22 11.70
638.jpg -0.10 0.20 11.80 0.22 11.80
639.jpg -0.10 0.10 11.80 0.14 11.80
640.jpg 0.00 -0.10 11.60 0.10 11.60
641.jpg 0.00 -0.70 10.60 0.70 10.60
642.jpg 0.00 -1.30 9.30 1.30 9.30
643.jpg 0.00 -1.40 8.20 1.40 8.20
644.jpg -0.70 -2.30 11.50 2.40 11.50
645.jpg -0.80 -1.10 12.10 1.36 12.10
646.jpg -0.80 -1.10 12.40 1.36 12.40
647.jpg -0.60 -1.50 12.50 1.62 12.50
648.jpg -0.50 -1.40 12.60 1.49 12.60
649.jpg -0.50 -1.20 12.70 1.30 12.70
650.jpg -0.50 -0.90 12.80 1.03 12.80
651.jpg -0.50 -0.80 12.80 0.94 12.80
652.jpg -0.40 -0.80 12.60 0.89 12.60
653.jpg -0.40 -0.60 12.40 0.72 12.40
654.jpg -0.40 -0.50 12.20 0.64 12.20
655.jpg -0.30 -0.50 12.20 0.58 12.20
656.jpg -0.30 -0.50 12.00 0.58 12.00
657.jpg -0.30 -0.40 11.70 0.50 11.70
658.jpg -0.30 -0.40 11.70 0.50 11.70
659.jpg -0.30 -0.40 11.40 0.50 11.40
660.jpg -0.20 -0.30 11.30 0.36 11.30
661.jpg -0.20 -0.30 11.00 0.36 11.00
662.jpg -0.10 -0.20 10.10 0.22 10.10
663.jpg -0.10 -0.10 9.60 0.14 9.60
664.jpg -0.10 0.10 9.40 0.14 9.40
665.jpg -0.10 0.10 9.40 0.14 9.40
666.jpg -0.30 0.40 11.00 0.50 11.00
667.jpg -0.40 0.50 11.10 0.64 11.10
668.jpg -0.30 0.50 11.30 0.58 11.30
669.jpg -0.30 0.70 11.30 0.76 11.30
670.jpg -0.40 0.80 11.40 0.89 11.40
671.jpg -0.40 0.70 11.50 0.81 11.50
672.jpg -0.40 0.60 11.50 0.72 11.50
673.jpg -0.30 0.50 11.40 0.58 11.40
674.jpg -0.40 0.40 11.40 0.57 11.40
675.jpg -0.30 0.40 11.40 0.50 11.40
676.jpg -0.30 0.20 11.40 0.36 11.40
677.jpg -0.30 0.20 11.50 0.36 11.50
678.jpg -0.50 0.10 11.40 0.51 11.40
679.jpg -0.50 0.40 11.40 0.64 11.40
680.jpg -0.40 0.30 11.40 0.50 11.40
681.jpg -0.50 0.40 11.30 0.64 11.30
682.jpg -0.50 0.20 11.10 0.54 11.10
683.jpg -0.50 0.10 10.80 0.51 10.80
684.jpg -0.50 0.10 10.90 0.51 10.90
685.jpg -0.50 0.00 10.70 0.50 10.70
686.jpg -0.50 -0.30 10.40 0.58 10.40
687.jpg -0.40 -0.60 9.90 0.72 9.90
688.jpg -0.40 -0.50 8.80 0.64 8.80
689.jpg -0.40 -0.70 4.70 0.81 4.70
690.jpg 0.20 0.50 10.50 0.54 10.50
691.jpg 0.50 0.80 11.50 0.94 11.50
692.jpg 0.50 1.00 11.90 1.12 11.90
693.jpg 0.40 1.20 12.10 1.26 12.10
694.jpg 0.40 1.20 12.30 1.26 12.30
695.jpg 0.20 1.20 12.30 1.22 12.30
696.jpg 0.10 1.30 12.40 1.30 12.40
697.jpg 0.10 1.30 12.50 1.30 12.50
698.jpg 0.10 1.20 12.40 1.20 12.40
699.jpg 0.00 1.20 12.40 1.20 12.40
700.jpg -0.10 1.20 12.20 1.20 12.20
701.jpg -0.10 1.20 12.10 1.20 12.10
702.jpg 0.00 1.10 12.20 1.10 12.20
703.jpg 0.00 1.20 12.20 1.20 12.20
704.jpg -0.10 0.90 12.10 0.91 12.10
705.jpg -0.10 0.90 11.70 0.91 11.70
706.jpg -0.20 0.60 11.50 0.63 11.50
707.jpg -0.20 0.30 11.40 0.36 11.40
708.jpg -0.30 -0.10 10.80 0.32 10.80
709.jpg -0.50 -1.30 13.30 1.39 13.30
710.jpg -0.40 -1.50 13.40 1.55 13.40
711.jpg -0.40 -1.10 13.60 1.17 13.60
712.jpg -0.30 -1.10 13.70 1.14 13.70
713.jpg -0.30 -0.90 13.60 0.95 13.60
714.jpg -0.30 -1.10 13.70 1.14 13.70
715.jpg -0.20 -1.20 13.50 1.22 13.50
716.jpg -0.30 -0.90 13.20 0.95 13.20
717.jpg -0.20 -0.70 13.00 0.73 13.00
718.jpg -0.20 -0.60 12.90 0.63 12.90
719.jpg -0.20 -0.30 12.90 0.36 12.90
720.jpg -0.10 -0.50 12.80 0.51 12.80
721.jpg -0.20 -0.40 12.60 0.45 12.60
722.jpg -0.10 -0.10 12.40 0.14 12.40
723.jpg -0.10 0.20 11.50 0.22 11.50
724.jpg -0.10 -0.20 7.20 0.22 7.20
725.jpg 0.00 -0.20 4.40 0.20 4.40
726.jpg -0.10 0.40 -0.40 0.41 -0.40
727.jpg 0.00 2.00 14.60 2.00 14.60
728.jpg 0.10 2.20 14.80 2.20 14.80
729.jpg 0.00 1.90 14.50 1.90 14.50
730.jpg -0.10 1.80 14.00 1.80 14.00
731.jpg -0.20 1.50 13.90 1.51 13.90
732.jpg -0.30 1.20 14.20 1.24 14.20
733.jpg -0.30 1.10 14.30 1.14 14.30
734.jpg -0.40 1.00 14.30 1.08 14.30
735.jpg -0.40 0.80 14.10 0.89 14.10
736.jpg -0.20 0.90 14.20 0.92 14.20
737.jpg -1.10 -1.30 11.30 1.70 11.30
738.jpg -1.10 -1.40 12.30 1.78 12.30
739.jpg -1.10 -1.10 12.80 1.56 12.80
740.jpg -1.10 -1.10 12.90 1.56 12.90
741.jpg -0.80 -1.00 12.90 1.28 12.90
742.jpg -0.90 -0.70 12.70 1.14 12.70
743.jpg -0.70 -0.90 12.60 1.14 12.60
744.jpg 0.00 1.30 13.90 1.30 13.90
745.jpg 0.00 1.10 14.00 1.10 14.00
746.jpg 0.00 1.00 13.90 1.00 13.90
747.jpg -0.10 1.00 13.70 1.00 13.70
748.jpg 0.10 0.90 13.50 0.91 13.50
749.jpg -0.20 1.10 13.20 1.12 13.20
750.jpg -0.10 0.80 13.00 0.81 13.00
751.jpg -0.20 1.10 12.50 1.12 12.50
752.jpg -0.30 1.30 12.10 1.33 12.10
753.jpg -0.20 1.40 11.90 1.41 11.90
754.jpg -0.20 1.00 11.60 1.02 11.60
755.jpg -0.30 0.80 11.50 0.85 11.50
756.jpg -1.10 0.50 12.50 1.21 12.50
757.jpg -0.90 0.80 13.90 1.20 13.90
758.jpg -0.90 0.90 14.40 1.27 14.40
759.jpg -1.00 1.20 14.70 1.56 14.70
760.jpg -1.10 1.30 14.90 1.70 14.90
761.jpg -1.00 1.40 15.10 1.72 15.10
762.jpg -1.10 1.40 15.30 1.78 15.30
763.jpg -1.10 1.50 15.80 1.86 15.80
764.jpg -1.20 1.30 15.80 1.77 15.80
765.jpg -0.90 0.90 16.00 1.27 16.00
766.jpg -1.00 0.70 16.10 1.22 16.10
767.jpg -1.00 0.80 16.10 1.28 16.10
768.jpg -1.10 0.70 15.40 1.30 15.40
769.jpg 0.70 -1.10 16.00 1.30 16.00
770.jpg 0.60 -1.20 16.30 1.34 16.30
771.jpg 0.50 -1.80 16.70 1.87 16.70
772.jpg 0.50 -1.40 15.90 1.49 15.90
773.jpg 0.70 -1.50 15.90 1.66 15.90
774.jpg 0.60 -1.90 16.50 1.99 16.50
775.jpg 0.60 -1.90 16.30 1.99 16.30
776.jpg 0.60 -2.00 15.90 2.09 15.90
777.jpg 0.30 -1.60 14.40 1.63 14.40
778.jpg 0.50 -1.40 14.00 1.49 14.00
779.jpg -1.40 1.20 18.50 1.84 18.50
780.jpg -1.40 1.20 18.50 1.84 18.50
781.jpg -1.30 1.20 18.50 1.77 18.50
782.jpg -1.00 1.40 18.40 1.72 18.40
783.jpg -1.10 1.40 18.40 1.78 18.40
784.jpg -0.90 1.40 18.50 1.66 18.50
785.jpg -0.70 1.40 16.90 1.57 16.90
786.jpg -0.60 1.40 16.50 1.52 16.50
787.jpg -0.60 1.70 16.50 1.80 16.50
788.jpg -0.50 1.80 16.40 1.87 16.40
789.jpg 0.50 -0.60 13.00 0.78 13.00
790.jpg 0.40 -0.70 12.80 0.81 12.80
791.jpg 0.50 -1.00 12.20 1.12 12.20
792.jpg 0.70 -0.90 12.60 1.14 12.60
793.jpg 0.70 -1.00 12.50 1.22 12.50
794.jpg 0.40 -0.80 12.00 0.89 12.00
795.jpg 0.40 -0.60 12.10 0.72 12.10
796.jpg 0.40 -0.60 11.90 0.72 11.90
797.jpg 0.60 -0.50 11.80 0.78 11.80
798.jpg 0.70 -0.60 11.80 0.92 11.80
799.jpg 0.70 -0.30 11.20 0.76 11.20
800.jpg 0.80 -0.40 10.70 0.89 10.70
801.jpg 0.60 -0.50 9.90 0.78 9.90
802.jpg 0.80 -0.50 9.60 0.94 9.60
803.jpg 0.30 1.70 14.50 1.73 14.50
804.jpg 0.30 1.60 14.40 1.63 14.40
805.jpg 0.20 1.60 14.80 1.61 14.80
806.jpg 0.10 1.80 15.10 1.80 15.10
807.jpg 0.20 1.80 15.40 1.81 15.40
808.jpg 0.00 1.90 15.20 1.90 15.20
809.jpg 0.00 1.70 15.10 1.70 15.10
810.jpg 0.20 1.40 15.10 1.41 15.10
811.jpg 0.20 1.10 14.60 1.12 14.60
812.jpg 0.20 1.00 14.60 1.02 14.60
813.jpg 0.00 0.90 14.40 0.90 14.40
814.jpg 0.40 -0.90 12.20 0.98 12.20
815.jpg 0.60 -0.90 12.30 1.08 12.30
816.jpg 0.80 -1.00 12.60 1.28 12.60
817.jpg 0.80 -1.10 12.80 1.36 12.80
818.jpg 0.90 -1.30 13.00 1.58 13.00
819.jpg 0.70 -1.30 12.60 1.48 12.60
820.jpg 0.60 -1.40 12.50 1.52 12.50
821.jpg 0.90 -1.50 12.50 1.75 12.50
822.jpg 0.80 -1.30 12.20 1.53 12.20
823.jpg 0.70 -1.40 12.00 1.57 12.00
824.jpg 0.60 -1.20 11.70 1.34 11.70
825.jpg 0.60 -1.20 11.10 1.34 11.10
826.jpg -0.60 1.00 14.80 1.17 14.80
827.jpg -0.40 1.10 15.10 1.17 15.10
828.jpg -0.20 1.50 14.90 1.51 14.90
829.jpg -0.60 1.40 14.40 1.52 14.40
830.jpg -0.60 1.30 14.40 1.43 14.40
831.jpg -0.40 1.50 14.20 1.55 14.20
832.jpg -0.40 1.50 14.30 1.55 14.30
833.jpg -0.40 1.60 14.10 1.65 14.10
834.jpg -0.40 1.40 13.50 1.46 13.50
835.jpg -0.40 1.20 13.00 1.26 13.00
836.jpg 0.20 -0.50 13.70 0.54 13.70
837.jpg 0.50 -0.40 14.30 0.64 14.30
838.jpg 0.60 -0.30 14.50 0.67 14.50
839.jpg 0.50 -0.30 14.50 0.58 14.50
840.jpg 0.60 -0.50 14.50 0.78 14.50
841.jpg 0.50 -0.70 13.90 0.86 13.90
842.jpg 0.40 -1.10 13.70 1.17 13.70
843.jpg 0.20 -1.20 13.70 1.22 13.70
844.jpg 0.20 -1.10 13.60 1.12 13.60
845.jpg 2.50 2.20 11.70 3.33 11.70
846.jpg 2.30 2.10 12.30 3.11 12.30
847.jpg 2.10 2.20 12.80 3.04 12.80
848.jpg 1.60 2.90 12.90 3.31 12.90
849.jpg 1.80 2.70 13.00 3.24 13.00
850.jpg 1.60 3.00 13.20 3.40 13.20
851.jpg 1.60 2.70 13.40 3.14 13.40
852.jpg 1.70 2.50 13.70 3.02 13.70
853.jpg 1.60 2.20 13.50 2.72 13.50
854.jpg 1.80 1.90 13.70 2.62 13.70
855.jpg 1.60 1.60 13.60 2.26 13.60
856.jpg 1.50 1.40 13.30 2.05 13.30
857.jpg 1.40 1.20 13.20 1.84 13.20
858.jpg 1.40 1.10 13.00 1.78 13.00
859.jpg 1.60 0.90 12.60 1.84 12.60
860.jpg 1.60 0.70 12.00 1.75 12.00
861.jpg 1.20 -0.20 12.50 1.22 12.50
862.jpg 1.20 -0.30 12.60 1.24 12.60
863.jpg 1.20 -0.20 12.50 1.22 12.50
864.jpg 1.20 -0.40 12.30 1.26 12.30
865.jpg 1.40 -0.60 12.30 1.52 12.30
866.jpg 1.50 -0.60 12.20 1.62 12.20
867.jpg 1.50 -0.60 12.10 1.62 12.10
868.jpg 1.50 -0.60 12.10 1.62 12.10
869.jpg 1.60 -0.80 12.10 1.79 12.10
870.jpg 1.50 -0.90 11.80 1.75 11.80
871.jpg -0.20 0.80 11.30 0.82 11.30
872.jpg -0.20 0.70 11.20 0.73 11.20
873.jpg -0.10 0.50 11.10 0.51 11.10
874.jpg 0.00 0.60 10.70 0.60 10.70
875.jpg -0.10 0.60 10.40 0.61 10.40
876.jpg -0.40 0.60 10.20 0.72 10.20
877.jpg -0.40 0.70 10.00 0.81 10.00
878.jpg -0.30 0.70 10.00 0.76 10.00
879.jpg -0.30 0.50 9.90 0.58 9.90
880.jpg -0.60 1.00 9.90 1.17 9.90
881.jpg -0.50 1.00 9.90 1.12 9.90
882.jpg -0.60 1.10 9.90 1.25 9.90
883.jpg -0.60 1.10 9.70 1.25 9.70
884.jpg -0.50 1.20 9.60 1.30 9.60
885.jpg -0.40 1.30 9.60 1.36 9.60
886.jpg 0.60 -0.50 12.30 0.78 12.30
887.jpg 0.70 -0.60 12.30 0.92 12.30
888.jpg 0.80 -0.80 12.20 1.13 12.20
889.jpg 0.80 -1.00 11.80 1.28 11.80
890.jpg 0.80 -1.10 11.90 1.36 11.90
891.jpg 0.70 -0.90 11.90 1.14 11.90
892.jpg 0.50 -1.00 11.70 1.12 11.70
893.jpg 0.30 -0.90 11.50 0.95 11.50
894.jpg 0.40 -0.90 11.40 0.98 11.40
895.jpg 0.50 -0.80 11.50 0.94 11.50
896.jpg 0.50 -0.90 11.30 1.03 11.30
897.jpg 1.50 1.40 13.30 2.05 13.30
898.jpg 1.60 1.20 13.80 2.00 13.80
899.jpg 1.50 1.10 13.90 1.86 13.90
900.jpg 1.50 1.10 13.50 1.86 13.50
901.jpg 1.60 0.90 13.20 1.84 13.20
902.jpg 1.50 0.70 13.00 1.66 13.00
903.jpg 1.40 0.70 12.60 1.57 12.60
904.jpg 1.30 0.60 12.30 1.43 12.30
905.jpg 1.20 0.60 12.10 1.34 12.10
906.jpg 1.20 0.30 11.90 1.24 11.90
907.jpg 1.10 0.60 11.80 1.25 11.80
908.jpg 1.00 0.40 11.70 1.08 11.70
909.jpg 1.00 0.50 11.60 1.12 11.60
910.jpg 1.10 0.30 11.30 1.14 11.30
911.jpg 1.00 0.00 10.80 1.00 10.80
912.jpg 0.30 0.10 9.90 0.32 9.90
913.jpg 0.50 -0.70 8.90 0.86 8.90
914.jpg 0.70 -0.50 11.30 0.86 11.30
915.jpg 0.80 -0.50 11.40 0.94 11.40
916.jpg 0.70 -0.50 11.30 0.86 11.30
917.jpg 0.70 -0.40 10.90 0.81 10.90
918.jpg 0.60 -0.40 10.70 0.72 10.70
919.jpg 0.50 -0.40 10.50 0.64 10.50
920.jpg 0.60 -0.40 10.50 0.72 10.50
921.jpg 0.50 -0.30 10.40 0.58 10.40
922.jpg 0.40 -0.30 10.30 0.50 10.30
923.jpg 0.60 -0.40 10.10 0.72 10.10
924.jpg 0.70 -0.40 9.80 0.81 9.80
925.jpg 0.70 -0.50 9.90 0.86 9.90
926.jpg 0.80 -0.50 9.50 0.94 9.50
927.jpg 0.00 -0.10 10.60 0.10 10.60
928.jpg -0.20 -0.10 11.10 0.22 11.10
929.jpg -0.60 0.10 11.60 0.61 11.60
930.jpg -0.70 0.10 11.90 0.71 11.90
931.jpg -0.80 0.20 11.90 0.82 11.90
932.jpg -0.90 0.00 12.60 0.90 12.60
933.jpg -0.80 0.10 12.50 0.81 12.50
934.jpg -0.70 0.40 11.90 0.81 11.90
935.jpg -0.60 0.40 11.80 0.72 11.80
936.jpg -0.70 0.50 11.40 0.86 11.40
937.jpg -0.40 0.50 10.80 0.64 10.80
938.jpg -0.30 0.60 10.90 0.67 10.90
939.jpg -0.30 0.70 11.20 0.76 11.20
940.jpg 0.30 -0.30 12.50 0.42 12.50
941.jpg 0.30 -0.40 12.50 0.50 12.50
942.jpg 0.30 -0.40 12.60 0.50 12.60
943.jpg 0.30 -0.50 12.50 0.58 12.50
944.jpg 0.10 -0.30 11.70 0.32 11.70
945.jpg 0.40 -0.40 11.20 0.57 11.20
946.jpg 0.60 -0.80 10.70 1.00 10.70
947.jpg 0.70 -1.30 10.50 1.48 10.50
948.jpg 0.60 -1.30 9.50 1.43 9.50
949.jpg 1.80 1.10 11.70 2.11 11.70
950.jpg 2.00 1.10 12.30 2.28 12.30
951.jpg 1.70 1.10 12.80 2.02 12.80
952.jpg 1.70 0.70 12.80 1.84 12.80
953.jpg 1.60 0.60 12.60 1.71 12.60
954.jpg 1.50 0.50 12.70 1.58 12.70
955.jpg 1.50 0.60 12.80 1.62 12.80
956.jpg 1.20 0.50 12.90 1.30 12.90
957.jpg 1.00 0.30 13.20 1.04 13.20
958.jpg 0.90 0.50 12.90 1.03 12.90
959.jpg 0.70 0.20 12.40 0.73 12.40
960.jpg 0.80 -0.90 11.70 1.20 11.70
961.jpg 0.70 -0.80 11.90 1.06 11.90
962.jpg 0.70 -0.80 11.90 1.06 11.90
963.jpg 0.70 -0.80 11.80 1.06 11.80
964.jpg 0.40 -0.50 11.60 0.64 11.60
965.jpg 0.40 -0.40 11.50 0.57 11.50
966.jpg 0.50 -0.50 11.50 0.71 11.50
967.jpg 0.60 -0.30 11.10 0.67 11.10
968.jpg 0.70 -0.40 10.90 0.81 10.90
969.jpg 0.70 -0.30 10.50 0.76 10.50
970.jpg 0.70 -0.10 10.00 0.71 10.00
971.jpg -0.90 0.70 11.70 1.14 11.70
972.jpg -1.10 0.70 11.60 1.30 11.60
973.jpg -1.10 0.70 11.60 1.30 11.60
974.jpg -1.00 0.60 11.30 1.17 11.30
975.jpg -1.20 0.70 10.90 1.39 10.90
976.jpg -1.50 0.70 10.70 1.66 10.70
977.jpg -1.10 0.60 10.60 1.25 10.60
978.jpg -1.40 0.60 10.20 1.52 10.20
979.jpg -1.20 0.50 9.90 1.30 9.90
980.jpg -1.10 0.40 9.50 1.17 9.50
981.jpg -1.10 0.50 9.20 1.21 9.20
982.jpg -0.20 -1.40 12.10 1.41 12.10
983.jpg -0.20 -1.40 12.30 1.41 12.30
984.jpg -0.10 -1.40 11.80 1.40 11.80
985.jpg 0.10 -1.30 11.40 1.30 11.40
986.jpg 0.00 -1.30 11.40 1.30 11.40
987.jpg 0.10 -1.20 11.40 1.20 11.40
988.jpg 0.10 -1.00 11.20 1.00 11.20
989.jpg 0.10 -1.00 10.80 1.00 10.80
990.jpg 0.00 -0.90 10.30 0.90 10.30
991.jpg 0.20 -0.90 9.20 0.92 9.20
992.jpg 0.10 -0.70 7.90 0.71 7.90
993.jpg -0.60 -0.20 11.40 0.63 11.40
994.jpg -0.60 0.00 12.40 0.60 12.40
995.jpg -0.70 0.20 13.10 0.73 13.10
996.jpg -0.80 0.40 13.10 0.89 13.10
997.jpg -0.80 0.60 13.30 1.00 13.30
998.jpg -0.80 0.50 13.20 0.94 13.20
999.jpg -0.80 0.60 12.60 1.00 12.60
1000.jpg -0.70 0.50 12.50 0.86 12.50
1001.jpg -0.60 0.60 12.00 0.85 12.00
1002.jpg -0.80 0.70 11.90 1.06 11.90
1003.jpg -0.50 0.00 8.40 0.50 8.40
1004.jpg -0.80 0.30 10.80 0.85 10.80
1005.jpg -1.00 0.50 12.10 1.12 12.10
1006.jpg -0.90 0.60 12.00 1.08 12.00
1007.jpg -1.00 0.60 11.70 1.17 11.70
1008.jpg -1.00 0.70 11.40 1.22 11.40
1009.jpg -0.90 0.60 11.00 1.08 11.00
1010.jpg -1.10 0.60 11.00 1.25 11.00
1011.jpg -1.10 0.60 10.50 1.25 10.50
1012.jpg -1.10 0.70 10.40 1.30 10.40
1013.jpg -0.90 0.70 10.10 1.14 10.10
1014.jpg 0.40 -1.60 10.30 1.65 10.30
1015.jpg 0.20 -1.80 10.60 1.81 10.60
1016.jpg -0.10 -1.60 10.70 1.60 10.70
1017.jpg 0.00 -1.70 10.40 1.70 10.40
1018.jpg 0.00 -1.60 10.50 1.60 10.50
1019.jpg -0.30 -1.60 10.40 1.63 10.40
1020.jpg -0.30 -1.70 10.30 1.73 10.30
1021.jpg 0.00 -1.80 10.30 1.80 10.30
1022.jpg 0.00 -1.90 10.10 1.90 10.10
1023.jpg 0.10 -1.80 9.90 1.80 9.90
1024.jpg 0.00 -1.50 9.60 1.50 9.60
1025.jpg 1.80 1.40 20.30 2.28 20.30
1026.jpg 2.10 1.50 21.20 2.58 21.20
1027.jpg 2.10 1.50 21.40 2.58 21.40
1028.jpg 2.10 1.30 21.70 2.47 21.70
1029.jpg 2.00 0.90 22.10 2.19 22.10
1030.jpg 1.90 0.80 22.20 2.06 22.20
1031.jpg 1.80 0.40 21.90 1.84 21.90
1032.jpg 1.50 0.10 21.70 1.50 21.70
1033.jpg 1.50 0.20 21.30 1.51 21.30
1034.jpg 1.30 0.20 20.80 1.32 20.80
1035.jpg 1.30 -0.30 19.80 1.33 19.80
1036.jpg 2.20 1.50 23.00 2.66 23.00
1037.jpg 2.40 1.70 21.40 2.94 21.40
1038.jpg 2.50 1.30 21.40 2.82 21.40
1039.jpg 2.00 1.30 22.60 2.39 22.60
1040.jpg 2.20 0.80 23.00 2.34 23.00
1041.jpg 2.10 0.40 22.70 2.14 22.70
1042.jpg 2.10 0.70 22.80 2.21 22.80
1043.jpg 2.30 0.70 22.40 2.40 22.40
1044.jpg 1.90 0.70 22.10 2.02 22.10
1045.jpg 1.80 0.20 22.10 1.81 22.10
1046.jpg 1.20 -1.60 19.50 2.00 19.50
1047.jpg 1.20 -1.80 19.30 2.16 19.30
1048.jpg 1.10 -1.40 18.90 1.78 18.90
1049.jpg 1.10 -1.40 18.80 1.78 18.80
1050.jpg 0.70 -1.10 18.20 1.30 18.20
1051.jpg 0.80 -1.00 18.20 1.28 18.20
1052.jpg 1.00 -1.10 18.20 1.49 18.20
1053.jpg 1.10 -0.90 18.30 1.42 18.30
1054.jpg 0.90 -0.90 18.40 1.27 18.40
1055.jpg 1.30 1.90 20.60 2.30 20.60
1056.jpg 1.70 2.50 20.80 3.02 20.80
1057.jpg 1.40 2.60 20.70 2.95 20.70
1058.jpg 1.50 2.30 20.70 2.75 20.70
1059.jpg 1.60 1.80 20.60 2.41 20.60
1060.jpg 1.60 1.60 20.70 2.26 20.70
1061.jpg 1.80 1.20 20.40 2.16 20.40
1062.jpg 1.50 1.10 20.20 1.86 20.20
1063.jpg 1.60 0.90 20.10 1.84 20.10
1064.jpg 1.40 0.60 20.50 1.52 20.50
1065.jpg 1.50 0.00 20.10 1.50 20.10
1066.jpg 1.40 -0.20 20.00 1.41 20.00
1067.jpg 0.80 -1.60 19.70 1.79 19.70
1068.jpg 0.70 -1.70 19.90 1.84 19.90
1069.jpg 0.80 -2.40 19.70 2.53 19.70
1070.jpg 0.60 -2.30 19.80 2.38 19.80
1071.jpg 0.30 -2.10 20.20 2.12 20.20
1072.jpg 0.10 -1.90 20.10 1.90 20.10
1073.jpg 0.30 -1.80 19.70 1.82 19.70
1074.jpg 0.20 -1.50 19.20 1.51 19.20
1075.jpg 0.20 -1.40 18.80 1.41 18.80
1076.jpg 0.10 -0.90 18.70 0.91 18.70
1077.jpg -0.10 -0.80 18.30 0.81 18.30
1078.jpg 0.60 0.60 20.00 0.85 20.00
1079.jpg 0.50 1.40 20.30 1.49 20.30
1080.jpg 0.60 1.60 20.30 1.71 20.30
1081.jpg 0.60 1.70 19.90 1.80 19.90
1082.jpg 0.60 1.70 20.20 1.80 20.20
1083.jpg 0.70 1.70 19.70 1.84 19.70
1084.jpg 0.70 1.70 19.80 1.84 19.80
1085.jpg 0.70 2.00 19.40 2.12 19.40
1086.jpg 0.70 2.00 19.00 2.12 19.00
1087.jpg 0.90 1.60 18.90 1.84 18.90
1088.jpg 0.90 1.40 18.70 1.66 18.70
1089.jpg 0.70 1.00 18.20 1.22 18.20
1090.jpg 0.80 0.40 17.50 0.89 17.50
1091.jpg 1.10 0.10 15.10 1.10 15.10
1092.jpg 1.10 -0.30 17.00 1.14 17.00
1093.jpg 1.10 -0.40 17.20 1.17 17.20
1094.jpg 0.80 -0.40 17.30 0.89 17.30
1095.jpg 1.00 -0.50 17.30 1.12 17.30
1096.jpg 1.20 -0.70 16.70 1.39 16.70
1097.jpg 1.30 -0.70 16.20 1.48 16.20
1098.jpg 1.30 -0.50 15.30 1.39 15.30
1099.jpg 1.20 -0.10 14.50 1.20 14.50
1100.jpg 1.00 -0.20 14.50 1.02 14.50
1101.jpg 1.30 -0.40 14.80 1.36 14.80
1102.jpg 1.00 -0.40 14.70 1.08 14.70
1103.jpg 1.20 -0.40 14.50 1.26 14.50
1104.jpg 1.10 -0.10 14.90 1.10 14.90
1105.jpg 1.40 -0.40 15.30 1.46 15.30
1106.jpg 1.20 -0.60 15.40 1.34 15.40
1107.jpg 1.10 -0.70 15.60 1.30 15.60
1108.jpg 1.00 -0.60 15.80 1.17 15.80
1109.jpg 1.10 -0.70 15.90 1.30 15.90
1110.jpg 0.70 -0.90 15.80 1.14 15.80
1111.jpg 0.70 -1.50 15.60 1.66 15.60
1112.jpg 0.60 -0.70 14.20 0.92 14.20
1113.jpg 1.80 1.50 15.30 2.34 15.30
1114.jpg 1.40 1.60 15.50 2.13 15.50
1115.jpg 1.60 1.40 15.20 2.13 15.20
1116.jpg 1.60 0.50 14.80 1.68 14.80
1117.jpg 1.70 0.50 14.30 1.77 14.30
1118.jpg 2.00 -0.10 13.30 2.00 13.30
1119.jpg 1.90 -0.10 13.80 1.90 13.80
1120.jpg 2.30 1.20 14.30 2.59 14.30
1121.jpg 2.50 0.50 14.50 2.55 14.50
1122.jpg 2.70 -0.20 14.30 2.71 14.30
1123.jpg 2.70 -0.40 14.30 2.73 14.30
1124.jpg 2.80 -0.50 14.40 2.84 14.40
1125.jpg 2.70 -0.60 14.20 2.77 14.20
1126.jpg 2.70 -1.70 15.30 3.19 15.30
1127.jpg 2.30 -2.20 15.60 3.18 15.60
1128.jpg 2.20 -3.10 16.40 3.80 16.40
1129.jpg 1.70 -3.50 15.80 3.89 15.80
1130.jpg 1.60 -3.20 15.80 3.58 15.80
1131.jpg 0.90 -2.40 17.70 2.56 17.70
1132.jpg 0.60 -2.00 16.40 2.09 16.40
1133.jpg 0.60 -1.30 14.90 1.43 14.90
1134.jpg 0.60 -0.80 14.80 1.00 14.80
1135.jpg 0.70 -0.30 14.90 0.76 14.90
1136.jpg 0.50 0.00 14.40 0.50 14.40
1137.jpg 0.90 0.00 14.20 0.90 14.20
1138.jpg 1.00 0.20 14.20 1.02 14.20
1139.jpg 1.10 0.50 14.40 1.21 14.40
1140.jpg 1.20 0.60 14.30 1.34 14.30
1141.jpg 1.30 0.80 13.90 1.53 13.90
1142.jpg 1.20 1.40 13.40 1.84 13.40
1143.jpg 3.10 2.70 17.10 4.11 17.10
1144.jpg 3.20 1.70 21.50 3.62 21.50
1145.jpg 3.20 1.70 22.20 3.62 22.20
1146.jpg 3.50 2.00 22.30 4.03 22.30
1147.jpg 3.40 2.20 22.20 4.05 22.20
1148.jpg 3.70 1.60 22.40 4.03 22.40
1149.jpg 3.00 0.40 23.20 3.03 23.20
1150.jpg 2.60 0.30 22.60 2.62 22.60
1151.jpg 2.30 -0.60 22.10 2.38 22.10
1152.jpg 2.40 -1.00 22.40 2.60 22.40
1153.jpg 1.50 -1.50 21.20 2.12 21.20
1154.jpg 1.60 -2.30 20.00 2.80 20.00
1155.jpg 1.50 -3.00 19.00 3.35 19.00
1156.jpg 1.80 -3.00 17.20 3.50 17.20
1157.jpg 1.60 -2.50 17.10 2.97 17.10
1158.jpg 1.80 -2.60 16.80 3.16 16.80
1159.jpg 1.70 -2.40 16.80 2.94 16.80
1160.jpg 1.30 -2.10 16.60 2.47 16.60
1161.jpg 1.20 -1.90 16.60 2.25 16.60
1162.jpg 0.80 -1.70 16.70 1.88 16.70
1163.jpg 1.00 -1.60 16.70 1.89 16.70
1164.jpg 0.60 -1.80 16.80 1.90 16.80
1165.jpg 1.30 2.60 20.10 2.91 20.10
1166.jpg 1.50 2.70 20.00 3.09 20.00
1167.jpg 1.60 2.90 19.70 3.31 19.70
1168.jpg 1.60 2.90 19.40 3.31 19.40
1169.jpg 1.50 3.10 19.30 3.44 19.30
1170.jpg 1.80 3.20 19.40 3.67 19.40
1171.jpg 1.70 3.40 19.30 3.80 19.30
1172.jpg 1.90 3.40 19.30 3.89 19.30
1173.jpg 1.80 3.80 19.00 4.20 19.00
1174.jpg 1.70 3.20 18.30 3.62 18.30
1175.jpg 2.00 3.00 18.00 3.61 18.00
1176.jpg 2.10 2.50 18.20 3.26 18.20
1177.jpg 3.00 0.40 18.20 3.03 18.20
1178.jpg 3.00 0.30 18.30 3.01 18.30
1179.jpg 3.00 0.10 18.00 3.00 18.00
1180.jpg 2.60 -0.10 17.70 2.60 17.70
1181.jpg 2.40 -0.40 17.70 2.43 17.70
1182.jpg 2.20 -0.70 16.90 2.31 16.90
1183.jpg 1.90 -0.90 17.00 2.10 17.00
1184.jpg 1.90 -1.00 16.40 2.15 16.40
1185.jpg 1.90 -1.10 16.50 2.20 16.50
1186.jpg 2.00 -1.00 15.40 2.24 15.40
1187.jpg 1.90 -1.00 15.50 2.15 15.50
1188.jpg 1.90 -1.20 15.20 2.25 15.20
1189.jpg 1.70 -1.40 15.40 2.20 15.40
1190.jpg 1.50 -1.60 15.10 2.19 15.10
1191.jpg 1.30 -1.60 15.00 2.06 15.00
1192.jpg 0.00 1.80 18.50 1.80 18.50
1193.jpg -0.40 1.60 17.80 1.65 17.80
1194.jpg -0.60 2.70 17.30 2.77 17.30
1195.jpg -0.40 2.80 16.70 2.83 16.70
1196.jpg -0.20 2.70 16.60 2.71 16.60
1197.jpg 0.90 2.70 16.60 2.85 16.60
1198.jpg 1.40 2.50 17.60 2.87 17.60
1199.jpg 1.50 2.40 17.50 2.83 17.50
1200.jpg 1.60 2.60 17.80 3.05 17.80
1201.jpg 1.80 2.60 17.40 3.16 17.40
1202.jpg 1.70 2.60 17.10 3.11 17.10
1203.jpg 1.70 1.90 16.40 2.55 16.40
1204.jpg 1.90 2.10 15.40 2.83 15.40
1205.jpg 3.70 1.40 19.00 3.96 19.00
1206.jpg 3.50 1.70 18.80 3.89 18.80
1207.jpg 3.40 1.50 18.60 3.72 18.60
1208.jpg 3.10 1.20 18.70 3.32 18.70
1209.jpg 3.00 0.80 18.50 3.10 18.50
1210.jpg 2.60 0.20 18.70 2.61 18.70
1211.jpg 2.60 -0.10 19.30 2.60 19.30
1212.jpg 2.20 -0.60 19.90 2.28 19.90
1213.jpg 2.10 -0.90 19.40 2.28 19.40
1214.jpg 1.70 -1.20 21.40 2.08 21.40
1215.jpg 1.40 -2.00 21.70 2.44 21.70
1216.jpg 1.00 -2.90 22.40 3.07 22.40
1217.jpg 0.50 -3.00 22.30 3.04 22.30
1218.jpg 0.00 -2.80 22.00 2.80 22.00
1219.jpg -1.90 -1.10 25.00 2.20 25.00
1220.jpg -2.00 -0.30 25.30 2.02 25.30
1221.jpg -2.20 0.70 26.50 2.31 26.50
1222.jpg -1.80 1.00 26.20 2.06 26.20
1223.jpg -1.70 1.50 25.70 2.27 25.70
1224.jpg -1.40 2.30 24.30 2.69 24.30
1225.jpg -0.10 3.20 25.10 3.20 25.10
1226.jpg 0.30 3.20 26.40 3.21 26.40
1227.jpg 0.70 3.20 26.20 3.28 26.20
1228.jpg 1.00 3.50 24.90 3.64 24.90
1229.jpg 1.60 3.20 23.70 3.58 23.70
1230.jpg 3.20 1.20 23.00 3.42 23.00
1231.jpg 3.10 0.80 23.40 3.20 23.40
1232.jpg 2.70 0.10 23.30 2.70 23.30
1233.jpg 2.30 -1.00 23.60 2.51 23.60
1234.jpg 1.70 -1.60 24.00 2.33 24.00
1235.jpg 1.60 -1.60 23.10 2.26 23.10
1236.jpg 1.70 -1.70 23.10 2.40 23.10
1237.jpg 1.20 -2.30 23.50 2.59 23.50
1238.jpg 1.40 -2.70 23.20 3.04 23.20
1239.jpg -3.00 -1.60 24.70 3.40 24.70
1240.jpg -3.20 -1.10 24.50 3.38 24.50
1241.jpg -3.00 -0.70 23.90 3.08 23.90
1242.jpg -2.70 -0.20 23.60 2.71 23.60
1243.jpg -2.50 0.10 23.60 2.50 23.60
1244.jpg -2.20 0.70 22.60 2.31 22.60
1245.jpg -2.00 1.30 22.00 2.39 22.00
1246.jpg -1.50 1.80 21.40 2.34 21.40
1247.jpg -1.10 2.50 21.20 2.73 21.20
1248.jpg 3.70 2.00 17.70 4.21 17.70
1249.jpg 3.20 2.10 18.60 3.83 18.60
1250.jpg 3.10 1.50 17.90 3.44 17.90
1251.jpg 3.30 0.40 18.40 3.32 18.40
1252.jpg 3.30 -0.50 18.30 3.34 18.30
1253.jpg 3.40 -0.80 18.50 3.49 18.50
1254.jpg 3.30 -1.40 19.40 3.58 19.40
1255.jpg 3.40 -1.90 19.40 3.89 19.40
1256.jpg 3.10 -2.10 19.10 3.74 19.10
1257.jpg 0.60 -3.40 16.70 3.45 16.70
1258.jpg 0.10 -2.50 17.20 2.50 17.20
1259.jpg 0.70 -3.00 16.60 3.08 16.60
1260.jpg 0.50 -2.40 15.70 2.45 15.70
1261.jpg 0.90 -2.60 15.70 2.75 15.70
1262.jpg 0.70 -2.00 15.60 2.12 15.60
1263.jpg 1.10 -1.60 15.20 1.94 15.20
1264.jpg 0.60 0.30 16.70 0.67 16.70
1265.jpg 0.40 0.30 17.00 0.50 17.00
1266.jpg 0.20 0.40 17.00 0.45 17.00
1267.jpg 0.10 0.20 16.60 0.22 16.60
1268.jpg 0.10 0.00 16.60 0.10 16.60
1269.jpg 0.20 -0.30 16.30 0.36 16.30
1270.jpg -0.10 -0.20 16.50 0.22 16.50
1271.jpg 0.10 -0.40 16.60 0.41 16.60
1272.jpg 0.20 -0.70 16.80 0.73 16.80
1273.jpg 0.30 -0.90 16.70 0.95 16.70
1274.jpg 0.50 -0.90 16.40 1.03 16.40
1275.jpg 0.70 -1.00 15.70 1.22 15.70
1276.jpg 0.20 -0.60 14.70 0.63 14.70
1277.jpg 1.70 -1.50 12.70 2.27 12.70
1278.jpg 1.70 -1.90 13.60 2.55 13.60
1279.jpg 1.80 -2.10 13.50 2.77 13.50
1280.jpg 1.90 -2.10 13.60 2.83 13.60
1281.jpg 1.90 -2.10 13.40 2.83 13.40
1282.jpg 1.90 -1.90 13.20 2.69 13.20
1283.jpg 2.00 -2.00 13.50 2.83 13.50
1284.jpg 2.00 -2.00 14.00 2.83 14.00
1285.jpg 2.10 -1.80 14.20 2.77 14.20
1286.jpg 2.30 -1.90 14.20 2.98 14.20
1287.jpg 2.20 -1.70 14.10 2.78 14.10
1288.jpg 1.00 0.00 16.70 1.00 16.70
1289.jpg 0.30 0.20 18.90 0.36 18.90
1290.jpg 0.00 -0.20 19.40 0.20 19.40
1291.jpg -0.50 -0.10 19.60 0.51 19.60
1292.jpg -0.20 -0.50 19.60 0.54 19.60
1293.jpg -0.20 -1.00 19.40 1.02 19.40
1294.jpg -0.20 -1.10 19.60 1.12 19.60
1295.jpg 0.10 -1.00 18.40 1.00 18.40
1296.jpg 0.10 -0.70 17.60 0.71 17.60
1297.jpg 0.20 -0.70 16.90 0.73 16.90
1298.jpg 0.20 -0.60 17.00 0.63 17.00
1299.jpg 2.40 -2.20 19.60 3.26 19.60
1300.jpg 2.80 -2.10 19.30 3.50 19.30
1301.jpg 2.80 -1.80 19.10 3.33 19.10
1302.jpg 2.40 -1.60 19.00 2.88 19.00
1303.jpg 2.30 -1.60 18.80 2.80 18.80
1304.jpg 2.40 -1.40 18.20 2.78 18.20
1305.jpg 2.30 -1.20 17.50 2.59 17.50
1306.jpg 2.10 -1.10 17.00 2.37 17.00
1307.jpg 2.00 -1.00 16.70 2.24 16.70
1308.jpg 1.90 -1.00 16.30 2.15 16.30
1309.jpg 1.70 -0.90 15.50 1.92 15.50
1310.jpg -0.30 -1.10 16.30 1.14 16.30
1311.jpg -0.50 -1.20 16.60 1.30 16.60
1312.jpg -0.60 -1.30 16.90 1.43 16.90
1313.jpg -0.70 -1.30 16.60 1.48 16.60
1314.jpg -0.80 -1.20 16.10 1.44 16.10
1315.jpg -0.80 -1.10 15.20 1.36 15.20
1316.jpg -0.50 -1.30 14.40 1.39 14.40
1317.jpg -0.40 -1.20 13.50 1.26 13.50
1318.jpg -0.40 -1.10 13.10 1.17 13.10
1319.jpg -0.50 -1.10 12.90 1.21 12.90
1320.jpg -0.50 -1.00 12.80 1.12 12.80
1321.jpg -0.40 -1.00 12.80 1.08 12.80
1322.jpg -0.60 -1.00 12.60 1.17 12.60
1323.jpg -0.60 -1.00 12.60 1.17 12.60
1324.jpg -0.70 -0.90 12.80 1.14 12.80
1325.jpg 0.70 -0.60 9.40 0.92 9.40
1326.jpg 0.60 -0.70 9.80 0.92 9.80
1327.jpg 0.70 -0.90 10.00 1.14 10.00
1328.jpg 0.70 -1.10 10.20 1.30 10.20
1329.jpg 0.60 -1.20 10.50 1.34 10.50
1330.jpg 0.60 -1.00 10.40 1.17 10.40
1331.jpg 0.40 -0.80 9.50 0.89 9.50
1332.jpg 0.20 -0.70 9.00 0.73 9.00
1333.jpg 0.30 -0.80 8.90 0.85 8.90
1334.jpg 0.30 -0.70 8.80 0.76 8.80
1335.jpg 0.70 -0.60 8.30 0.92 8.30
1336.jpg 0.60 -0.60 8.30 0.85 8.30
1337.jpg 0.30 -0.50 7.80 0.58 7.80
1338.jpg 0.10 0.60 9.80 0.61 9.80
1339.jpg 0.10 0.40 10.60 0.41 10.60
1340.jpg 0.30 0.20 10.50 0.36 10.50
1341.jpg 0.10 0.00 10.40 0.10 10.40
1342.jpg 0.10 0.00 10.30 0.10 10.30
1343.jpg 0.20 -0.20 10.20 0.28 10.20
1344.jpg 0.20 -0.40 9.80 0.45 9.80
1345.jpg 0.20 -0.60 9.40 0.63 9.40
1346.jpg 0.20 -0.60 9.00 0.63 9.00
1347.jpg 0.00 -0.50 8.90 0.50 8.90
1348.jpg 0.10 -0.50 9.20 0.51 9.20
1349.jpg -0.20 -1.00 10.50 1.02 10.50
1350.jpg -0.50 -1.50 12.00 1.58 12.00
1351.jpg -0.80 -1.30 12.50 1.53 12.50
1352.jpg -0.50 -1.60 13.10 1.68 13.10
1353.jpg -0.60 -1.60 13.20 1.71 13.20
1354.jpg -0.50 -1.30 12.80 1.39 12.80
1355.jpg -0.70 -0.80 12.00 1.06 12.00
1356.jpg -0.80 -0.80 11.70 1.13 11.70
1357.jpg -0.50 -0.80 11.50 0.94 11.50
1358.jpg -0.60 -0.60 11.20 0.85 11.20
1359.jpg -0.70 -0.30 10.70 0.76 10.70
1360.jpg 0.00 0.20 11.50 0.20 11.50
1361.jpg 0.20 0.00 11.10 0.20 11.10
1362.jpg 0.30 -0.40 11.00 0.50 11.00
1363.jpg 0.40 -0.70 10.70 0.81 10.70
1364.jpg 0.30 -0.80 10.60 0.85 10.60
1365.jpg 0.20 -0.70 10.40 0.73 10.40
1366.jpg 0.40 -1.00 10.30 1.08 10.30
1367.jpg 0.40 -1.00 10.00 1.08 10.00
1368.jpg 0.30 -1.30 9.80 1.33 9.80
1369.jpg 0.20 -1.30 9.80 1.32 9.80
1370.jpg 0.10 -1.80 9.90 1.80 9.90
1371.jpg 1.20 -0.50 7.90 1.30 7.90
1372.jpg 1.40 -0.60 8.30 1.52 8.30
1373.jpg 1.40 -0.70 8.00 1.57 8.00
1374.jpg 1.30 -0.40 7.50 1.36 7.50
1375.jpg 1.20 -0.20 7.30 1.22 7.30
1376.jpg 1.30 -0.20 7.40 1.32 7.40
1377.jpg 1.30 -0.40 7.10 1.36 7.10
1378.jpg 1.20 -0.30 6.60 1.24 6.60
1379.jpg 1.30 -0.30 6.40 1.33 6.40
1380.jpg 1.10 -0.30 6.30 1.14 6.30
1381.jpg 1.00 -0.30 6.00 1.04 6.00
1382.jpg 0.50 0.50 8.80 0.71 8.80
1383.jpg 0.50 0.50 8.60 0.71 8.60
1384.jpg 0.40 0.50 8.30 0.64 8.30
1385.jpg 0.40 0.50 8.00 0.64 8.00
1386.jpg 0.50 0.50 8.00 0.71 8.00
1387.jpg 0.50 0.40 7.80 0.64 7.80
1388.jpg 0.60 0.40 7.70 0.72 7.70
1389.jpg 0.50 0.40 7.50 0.64 7.50
1390.jpg 0.50 0.50 7.50 0.71 7.50
1391.jpg 0.30 0.50 7.40 0.58 7.40
1392.jpg 1.00 -0.30 8.40 1.04 8.40
1393.jpg 1.00 -0.40 8.50 1.08 8.50
1394.jpg 1.10 -0.60 8.40 1.25 8.40
1395.jpg 1.00 -0.70 8.30 1.22 8.30
1396.jpg 1.00 -0.70 8.40 1.22 8.40
1397.jpg 0.90 -0.60 8.30 1.08 8.30
1398.jpg 0.90 -0.50 8.20 1.03 8.20
1399.jpg 0.90 -0.50 8.00 1.03 8.00
1400.jpg 0.90 -0.50 7.80 1.03 7.80
1401.jpg 0.80 -0.40 7.30 0.89 7.30
1402.jpg 0.20 0.30 8.60 0.36 8.60
1403.jpg 0.10 0.30 8.60 0.32 8.60
1404.jpg 0.00 0.30 8.50 0.30 8.50
1405.jpg 0.10 0.30 8.40 0.32 8.40
1406.jpg 0.10 0.30 8.30 0.32 8.30
1407.jpg -0.20 0.40 8.10 0.45 8.10
1408.jpg -0.10 0.40 7.90 0.41 7.90
1409.jpg 0.20 0.50 7.40 0.54 7.40
1410.jpg 0.20 0.50 7.10 0.54 7.10
1411.jpg 0.10 0.50 7.10 0.51 7.10
1412.jpg 0.20 0.30 6.80 0.36 6.80
1413.jpg 0.30 0.50 6.30 0.58 6.30
1414.jpg 0.20 0.60 5.90 0.63 5.90
1415.jpg 1.30 0.00 8.80 1.30 8.80
1416.jpg 1.50 -0.30 8.90 1.53 8.90
1417.jpg 1.40 -0.30 8.80 1.43 8.80
1418.jpg 1.60 -0.60 8.70 1.71 8.70
1419.jpg 1.40 -0.60 8.70 1.52 8.70
1420.jpg 1.30 -0.60 8.40 1.43 8.40
1421.jpg 1.20 -0.50 8.10 1.30 8.10
1422.jpg 1.10 -0.40 8.00 1.17 8.00
1423.jpg 0.90 -0.40 7.70 0.98 7.70
1424.jpg 0.70 -0.20 7.60 0.73 7.60
1425.jpg 0.60 0.10 9.10 0.61 9.10
1426.jpg 0.70 -0.10 9.10 0.71 9.10
1427.jpg 0.70 0.10 9.20 0.71 9.20
1428.jpg 0.60 0.10 9.30 0.61 9.30
1429.jpg 0.70 -0.10 9.30 0.71 9.30
1430.jpg 0.70 -0.20 9.20 0.73 9.20
1431.jpg 0.70 -0.20 9.20 0.73 9.20
1432.jpg 0.70 -0.30 9.10 0.76 9.10
1433.jpg 0.60 -0.40 9.10 0.72 9.10
1434.jpg 0.70 -0.40 8.90 0.81 8.90
1435.jpg 0.70 -0.50 8.60 0.86 8.60
1436.jpg 0.70 -0.50 8.30 0.86 8.30
1437.jpg 0.60 -0.80 9.40 1.00 9.40
1438.jpg 0.70 -1.00 9.80 1.22 9.80
1439.jpg 0.70 -1.00 9.60 1.22 9.60
1440.jpg 0.60 -0.70 9.20 0.92 9.20
1441.jpg 0.70 -0.80 9.20 1.06 9.20
1442.jpg 0.70 -0.80 9.30 1.06 9.30
1443.jpg 0.80 -0.80 9.30 1.13 9.30
1444.jpg 0.60 -0.60 9.30 0.85 9.30
1445.jpg 0.90 -0.70 9.10 1.14 9.10
1446.jpg 0.80 -0.70 9.10 1.06 9.10
1447.jpg 0.80 -0.80 9.20 1.13 9.20
1448.jpg 0.30 0.40 9.70 0.50 9.70
1449.jpg 0.10 0.40 9.70 0.41 9.70
1450.jpg 0.10 0.40 9.80 0.41 9.80
1451.jpg 0.10 0.40 9.60 0.41 9.60
1452.jpg 0.30 0.40 9.30 0.50 9.30
1453.jpg 0.50 0.30 9.10 0.58 9.10
1454.jpg 0.50 0.30 9.00 0.58 9.00
1455.jpg 0.70 0.20 8.90 0.73 8.90
1456.jpg 0.60 0.20 8.60 0.63 8.60
1457.jpg 0.70 0.20 8.40 0.73 8.40
1458.jpg -0.10 0.50 9.00 0.51 9.00
1459.jpg -0.20 0.50 9.00 0.54 9.00
1460.jpg -0.30 0.70 8.80 0.76 8.80
1461.jpg -0.30 0.80 8.80 0.85 8.80
1462.jpg -0.30 0.80 8.50 0.85 8.50
1463.jpg -0.30 0.80 8.30 0.85 8.30
1464.jpg -0.30 0.90 8.20 0.95 8.20
1465.jpg -0.40 1.00 8.10 1.08 8.10
1466.jpg -0.40 1.10 8.30 1.17 8.30
1467.jpg -0.30 1.10 8.30 1.14 8.30
1468.jpg -0.40 1.00 8.10 1.08 8.10
1469.jpg -0.20 0.90 8.00 0.92 8.00
1470.jpg -0.20 1.10 7.80 1.12 7.80
1471.jpg -0.20 0.70 7.80 0.73 7.80
1472.jpg -0.20 0.70 6.90 0.73 6.90
1473.jpg 0.80 0.20 9.50 0.82 9.50
1474.jpg 0.70 0.20 9.50 0.73 9.50
1475.jpg 0.70 0.20 9.20 0.73 9.20
1476.jpg 0.70 0.10 8.80 0.71 8.80
1477.jpg 0.60 0.00 8.60 0.60 8.60
1478.jpg 0.50 -0.10 8.40 0.51 8.40
1479.jpg 0.40 -0.30 8.30 0.50 8.30
1480.jpg 0.70 -0.40 8.30 0.81 8.30
1481.jpg 0.70 -0.50 8.20 0.86 8.20
1482.jpg 0.70 -0.60 8.20 0.92 8.20
1483.jpg 0.80 -0.70 8.10 1.06 8.10
1484.jpg 0.60 -0.70 7.80 0.92 7.80
1485.jpg 0.70 -0.70 6.60 0.99 6.60
1486.jpg 0.60 -0.30 4.40 0.67 4.40
1487.jpg 0.70 -0.20 3.10 0.73 3.10
1488.jpg 0.50 0.60 9.10 0.78 9.10
1489.jpg 0.30 0.70 9.20 0.76 9.20
1490.jpg 0.20 0.70 9.00 0.73 9.00
1491.jpg 0.10 0.70 8.50 0.71 8.50
1492.jpg 0.20 0.90 8.40 0.92 8.40
1493.jpg 0.20 1.20 8.20 1.22 8.20
1494.jpg 0.10 1.10 8.10 1.10 8.10
1495.jpg 0.10 1.20 7.90 1.20 7.90
1496.jpg 0.00 1.40 7.90 1.40 7.90
1497.jpg 0.20 1.30 7.80 1.32 7.80
1498.jpg 0.20 1.20 7.50 1.22 7.50
1499.jpg 0.40 1.10 6.50 1.17 6.50
1500.jpg 0.70 0.70 7.70 0.99 7.70
1501.jpg 0.70 0.70 8.00 0.99 8.00
1502.jpg 0.50 0.90 7.60 1.03 7.60
1503.jpg 0.40 0.90 7.30 0.98 7.30
1504.jpg 0.70 0.80 7.30 1.06 7.30
1505.jpg 0.70 0.80 7.20 1.06 7.20
1506.jpg 0.60 0.70 7.20 0.92 7.20
1507.jpg 0.60 0.60 7.20 0.85 7.20
1508.jpg 0.70 0.60 7.20 0.92 7.20
1509.jpg 0.70 0.40 7.50 0.81 7.50
1510.jpg 0.80 0.20 7.40 0.82 7.40
1511.jpg 0.70 0.20 7.30 0.73 7.30
1512.jpg 0.40 0.20 7.70 0.45 7.70
1513.jpg 0.60 0.10 7.10 0.61 7.10