1 99.6
2 99.6
3 99.6
4 99.6
5 99.6
6 99.6
7 99.6
8 99.6
9 99.6
10 99.6
11 99.6
12 99.6
13 99.6
14 99.6
15 99.6
16 99.6
17 99.6
18 99.6
19 99.6
20 99.6
21 99.6
22 99.6
23 99.6
24 99.6
25 99.6
26 99.6
27 99.6
28 99.6
29 99.6
30 99.6
31 99.6
32 99.6
33 99.6
34 99.6
35 99.6
36 99.6
37 99.6
38 99.6
39 99.6
40 99.6
41 99.6
42 99.6
43 99.6
44 99.6
45 99.6
46 99.6
47 99.6
48 99.6
49 99.6
50 99.6
51 99.6
52 99.6
53 99.6
54 99.6
55 99.6
56 99.6
57 99.6
58 99.6
59 99.6
60 99.6
61 99.6
62 99.6
63 99.6
64 99.6
65 99.6
66 99.6
67 99.6
68 99.6
69 99.6
70 99.6
71 99.6
72 99.6
73 99.6
74 99.6
75 99.6
76 99.6
77 99.6
78 99.6
79 99.6
80 99.6
81 99.6
82 99.6
83 99.6
84 99.6
85 99.6
86 99.6
87 99.6
88 99.6
89 99.6
90 99.6
91 99.6
92 99.6
93 99.6
94 99.6
95 99.6
96 99.6
97 99.6
98 99.6
99 99.6
100 99.6
101 99.6
102 99.6
103 99.6
104 99.6
105 99.6
106 99.6
107 99.6
108 99.6
109 99.6
110 99.6
111 99.6
112 99.6
113 99.6
114 99.6
115 99.6
116 99.6
117 99.6
118 99.6
119 99.6
120 99.6
121 99.6
122 99.6
123 99.6
124 99.6
125 99.6
126 99.6
127 99.6
128 99.6
129 99.6
130 99.6
131 99.6
132 99.6
133 99.6
134 99.6
135 99.6
136 99.6
137 99.6
138 99.6
139 99.6
140 99.6
141 99.6
142 99.6
143 99.6
144 99.6
145 99.6
146 99.6
147 99.6
148 99.6
149 99.6
150 99.6
151 99.6
152 99.6
153 99.6
154 99.6
155 99.6
156 99.6
157 99.6
158 99.6
159 99.6
160 99.6
161 99.6
162 99.6
163 99.6
164 99.6
165 99.6
166 99.6
167 99.6
168 99.6
169 99.6
170 99.6
171 99.6
172 99.6
173 99.6
174 99.6
175 99.6
176 99.6
177 99.6
178 99.6
179 99.6
180 99.6
181 99.6
182 99.6
183 99.6
184 99.6
185 99.6
186 99.6
187 99.6
188 99.6
189 99.6
190 99.6
191 99.6
192 99.6
193 99.6
194 99.6
195 99.6
196 99.6
197 99.6
198 99.6
199 99.6
200 99.6
201 99.6
202 99.6
203 99.6
204 99.6
205 99.6
206 99.6
207 99.6
208 99.6
209 99.6
210 99.6
211 99.6
212 99.6
213 99.6
214 99.6
215 99.6
216 99.6
217 99.6
218 99.6
219 99.6
220 99.6
221 99.6
222 99.6
223 99.6
224 99.6
225 99.6
226 99.6
227 99.6
228 99.6
229 99.6
230 99.6
231 99.6
232 99.6
233 99.6
234 99.6
235 99.6
236 99.6
237 99.6
238 99.6
239 99.6
240 99.6
241 99.6
242 99.6
243 99.6
244 99.6
245 99.6
246 99.6
247 99.6
248 99.6
249 99.6
250 99.6
251 99.6
252 99.6
253 99.6
254 99.6
255 99.6
256 99.6
257 99.6
258 99.6
259 99.6
260 99.6
261 99.6
262 99.6
263 99.6
264 99.6
265 99.6
266 99.6
267 99.6
268 99.6
269 99.6
270 99.6
271 99.6
272 99.6
273 99.6
274 99.6
275 99.6
276 99.6
277 99.6
278 99.6
279 99.6
280 99.6
281 99.6
282 99.6
283 99.6
284 99.6
285 99.6
286 99.6
287 99.6
288 99.6
289 99.6
290 99.6
291 99.6
292 99.6
293 99.6
294 99.6
295 99.6
296 99.6
297 99.6
298 99.6
299 99.6
300 99.6
301 99.6
302 99.6
303 99.6
304 99.6
305 99.6
306 99.6
307 99.6
308 99.6
309 99.6
310 99.6
311 99.6
312 99.6
313 99.6
314 99.6
315 99.6
316 99.6
317 99.6
318 99.6
319 99.6
320 99.6
321 99.6
322 99.6
323 99.6
324 99.6
325 99.6
326 99.6
327 99.6
328 99.6
329 99.6
330 99.6
331 99.6
332 99.6
333 99.6
334 99.6
335 99.6
336 99.6
337 99.6
338 99.6
339 99.6
340 99.6
341 99.6
342 99.6
343 99.6
344 99.6
345 99.6
346 99.6
347 99.6
348 99.6
349 99.6
350 99.6
351 99.6
352 99.6
353 99.6
354 99.6
355 99.6
356 99.6
357 99.6
358 99.6
359 99.6
360 99.6
361 99.6
362 99.6
363 99.6
364 99.6
365 99.6
366 99.6
367 99.6
368 99.6
369 99.6
370 99.6
371 99.6
372 99.6
373 99.6
374 99.6
375 99.6
376 99.6
377 99.6
378 99.6
379 99.6
380 99.6
381 99.6
382 99.6
383 99.6
384 99.6
385 99.6
386 99.6
387 99.6
388 99.6
389 99.6
390 99.6
391 99.6
392 99.6
393 99.6
394 99.6
395 99.6
396 99.6
397 99.6
398 99.6
399 99.6
400 99.6
401 99.6
402 99.6
403 99.6
404 99.6
405 99.6
406 99.6
407 99.6
408 99.6
409 99.6
410 99.6
411 99.6
412 99.6
413 99.6
414 99.6
415 99.6
416 99.6
417 99.6
418 99.6
419 99.6
420 99.6
421 99.6
422 99.6
423 99.6
424 99.6
425 99.6
426 99.6
427 99.6
428 99.6
429 99.6
430 99.6
431 99.6
432 99.6
433 99.6
434 99.6
435 99.6
436 99.6
437 99.6
438 99.6
439 99.6
440 99.6
441 99.6
442 99.6
443 99.6
444 99.6
445 99.6
446 99.6
447 99.6
448 99.6
449 99.6
450 99.6
451 99.6
452 99.6
453 99.6
454 99.6
455 99.6
456 99.6
457 99.6
458 99.6
459 99.6
460 99.6
461 99.6
462 99.6
463 99.6
464 99.6
465 99.6
466 99.6
467 99.6
468 99.6
469 99.6
470 99.6
471 99.6
472 99.6
473 99.6
474 99.6
475 99.6
476 99.6
477 99.6
478 99.6
479 99.6
480 99.6
481 99.6
482 99.6
483 99.6
484 99.6
485 99.6
486 99.6
487 99.6
488 99.6
489 99.6
490 99.6
491 99.6
492 99.6
493 99.6
494 99.6
495 99.6
496 99.6
497 99.6
498 99.6
499 99.6
500 99.6
501 99.6
502 99.6
503 99.6
504 99.6
505 99.6
506 99.6
507 99.6
508 99.6
509 99.6
510 99.6
511 99.6
512 99.6
513 99.6
514 99.6
515 99.6
516 99.6
517 99.6
518 99.6
519 99.6
520 99.6
521 99.6
522 99.6
523 99.6
524 99.6
525 99.6
526 99.6
527 99.6
528 99.6
529 99.6
530 99.6
531 99.6
532 99.6
533 99.6
534 99.6
535 99.6
536 99.6
537 99.6
538 99.6
539 99.6
540 99.6
541 99.6
542 99.6
543 99.6
544 99.6
545 99.6
546 99.6
547 99.6
548 99.6
549 99.6
550 99.6
551 99.6
552 99.6
553 99.6
554 99.6
555 99.6
556 99.6
557 99.6
558 99.6
559 99.6
560 99.6
561 99.6
562 99.6
563 99.6
564 99.6
565 99.6
566 99.6
567 99.6
568 99.6
569 99.6
570 99.6
571 99.6
572 99.6
573 99.6
574 99.6
575 99.6
576 99.6
577 99.6
578 99.6
579 99.6
580 99.6
581 99.6
582 99.6
583 99.6
584 99.6
585 99.6
586 99.6
587 99.6
588 99.6
589 99.6
590 99.6
591 99.6
592 99.6
593 99.6
594 99.6
595 99.6
596 99.6
597 99.6
598 99.6
599 99.6
600 99.6
601 99.6
602 99.6
603 99.6
604 99.6
605 99.6
606 99.6
607 99.6
608 99.6
609 99.6
610 99.6
611 99.6
612 99.6
613 99.6
614 99.6
615 99.6
616 99.6
617 99.6
618 99.6
619 99.6
620 99.6
621 99.6
622 99.6
623 99.6
624 99.6
625 99.6
626 99.6
627 99.6
628 99.6
629 99.6
630 99.6
631 99.6
632 99.6
633 99.6
634 99.6
635 99.6
636 99.6
637 99.6
638 99.6
639 99.6
640 99.6
641 99.6
642 99.6
643 99.6
644 99.6
645 99.6
646 99.6
647 99.6
648 99.6
649 99.6
650 99.6
651 99.6
652 99.6
653 99.6
654 99.6
655 99.6
656 99.6
657 99.6
658 99.6
659 99.6
660 99.6
661 99.6
662 99.6
663 99.6
664 99.6
665 99.6
666 99.6
667 99.6
668 99.6
669 99.6
670 99.6
671 99.6
672 99.6
673 99.6
674 99.6
675 99.6
676 99.6
677 99.6
678 99.6
679 99.6
680 99.6
681 99.6
682 99.6
683 99.6
684 99.6
685 99.6
686 99.6
687 99.6
688 99.6
689 99.6
690 99.6
691 99.6
692 99.6
693 99.6
694 99.6
695 99.6
696 99.6
697 99.6
698 99.6
699 99.6
700 99.6
701 99.6
702 99.6
703 99.6
704 99.6
705 99.6
706 99.6
707 99.6
708 99.6
709 99.6
710 99.6
711 99.6
712 99.6
713 99.6
714 99.6
715 99.6
716 99.6
717 99.6
718 99.6
719 99.6
720 99.6
721 99.6
722 99.6
723 99.6
724 99.6
725 99.6
726 99.6
727 99.6
728 99.6
729 99.6
730 99.6
731 99.6
732 99.6
733 99.6
734 99.6
735 99.6
736 99.6
737 99.6
738 99.6
739 99.6
740 99.6
741 99.6
742 99.6
743 99.6
744 99.6
745 99.6
746 99.6
747 99.6
748 99.6
749 99.6
750 99.6
751 99.6
752 99.6
753 99.6
754 99.6
755 99.6
756 99.6
757 99.6
758 99.6
759 99.6
760 99.6
761 99.6
762 99.6
763 99.6
764 99.6
765 99.6
766 99.6
767 99.6
768 99.6
769 99.6
770 99.6
771 99.6
772 99.6
773 99.6
774 99.6
775 99.6
776 99.6
777 99.6
778 99.6
779 99.6
780 99.6
781 99.6
782 99.6
783 99.6
784 99.6
785 99.6
786 99.6
787 99.6
788 99.6
789 99.6
790 99.6
791 99.6
792 99.6
793 99.6
794 99.6
795 99.6
796 99.6
797 99.6
798 99.6
799 99.6
800 99.6
801 99.6
802 99.6
803 99.6
804 99.6
805 99.6
806 99.6
807 99.6
808 99.6
809 99.6
810 99.6
811 99.6
812 99.6
813 99.6
814 99.6
815 99.6
816 99.6
817 99.6
818 99.6
819 99.6
820 99.6
821 99.6
822 99.6
823 99.6
824 99.6
825 99.6
826 99.6
827 99.6
828 99.6
829 99.6
830 99.6
831 99.6
832 99.6
833 99.6
834 99.6
835 99.6
836 99.6
837 99.6
838 99.6
839 99.6
840 99.6
841 99.6
842 99.6
843 99.6
844 99.6
845 99.6
846 99.6
847 99.6
848 99.6
849 99.6
850 99.6
851 99.6
852 99.6
853 99.6
854 99.6
855 99.6
856 99.6
857 99.6
858 99.6
859 99.6
860 99.6
861 99.6
862 99.6
863 99.6
864 99.6
865 99.6
866 99.6
867 99.6
868 99.6
869 99.6
870 99.6
871 99.6
872 99.6
873 99.6
874 99.6
875 99.6
876 99.6
877 99.6
878 99.6
879 99.6
880 99.6
881 99.6
882 99.6
883 99.6
884 99.6
885 99.6
886 99.6
887 99.6
888 99.6
889 99.6
890 99.6
891 99.6
892 99.6
893 99.6
894 99.6
895 99.6
896 99.6
897 99.6
898 99.6
899 99.6
900 99.6
901 99.6
902 99.6
903 99.6
904 99.6
905 99.6
906 99.6
907 99.6
908 99.6
909 99.6
910 99.6
911 99.6
912 99.6
913 99.6
914 99.6
915 99.6
916 99.6
917 99.6
918 99.6
919 99.6
920 99.6
921 99.6
922 99.6
923 99.6
924 99.6
925 99.6
926 99.6
927 99.6
928 99.6
929 99.6
930 99.6
931 99.6
932 99.6
933 99.6
934 99.6
935 99.6
936 99.6
937 99.6
938 99.6
939 99.6
940 99.6
941 99.6
942 99.6
943 99.6
944 99.6
945 99.6
946 99.6
947 99.6
948 99.6
949 99.6
950 99.6
951 99.6
952 99.6
953 99.6
954 99.6
955 99.6
956 99.6
957 99.6
958 99.6
959 99.6
960 99.6
961 99.6
962 99.6
963 99.6
964 99.6
965 99.6
966 99.6
967 99.6
968 99.6
969 99.6
970 99.6
971 99.6
972 99.6
973 99.6
974 99.6
975 99.6
976 99.6
977 99.6
978 99.6
979 99.6
980 99.6
981 99.6
982 99.6
983 99.6
984 99.6
985 99.6
986 99.6
987 99.6
988 99.6
989 99.6
990 99.6
991 99.6
992 99.6
993 99.6
994 99.6
995 99.6
996 99.6
997 99.6
998 99.6
999 99.6
1000 99.6
1001 99.6
1002 99.6
1003 99.6
1004 99.6
1005 99.6
1006 99.6
1007 99.6
1008 99.6
1009 99.6
1010 99.6
1011 99.6
1012 99.6
1013 99.6
1014 99.6
1015 99.6
1016 99.6
1017 99.6
1018 99.6
1019 99.6
1020 99.6
1021 99.6
1022 99.6
1023 99.6
1024 99.6
1025 99.6
1026 99.6
1027 99.6
1028 99.6
1029 99.6
1030 99.6
1031 99.6
1032 99.6
1033 99.6
1034 99.6
1035 99.6
1036 99.6
1037 99.6
1038 99.6
1039 99.6
1040 99.6
1041 99.6
1042 99.6
1043 99.6
1044 99.6
1045 99.6
1046 99.6
1047 99.6
1048 99.6
1049 99.6
1050 99.6
1051 99.6
1052 99.6
1053 99.6
1054 99.6
1055 99.6
1056 99.6
1057 99.6
1058 99.6
1059 99.6
1060 99.6
1061 99.6
1062 99.6
1063 99.6
1064 99.6
1065 99.6
1066 99.6
1067 99.6
1068 99.6
1069 99.6
1070 99.6
1071 99.6
1072 99.6
1073 99.6
1074 99.6
1075 99.6
1076 99.6
1077 99.6
1078 99.6
1079 99.6
1080 99.6
1081 99.6
1082 99.6
1083 99.6
1084 99.6
1085 99.6
1086 99.6
1087 99.6
1088 99.6
1089 99.6
1090 99.6
1091 99.6
1092 99.6
1093 99.6
1094 99.6
1095 99.6
1096 99.6
1097 99.6
1098 99.6
1099 99.6
1100 99.6
1101 99.6
1102 99.6
1103 99.6
1104 99.6
1105 99.6
1106 99.6
1107 99.6
1108 99.6
1109 99.6
1110 99.6
1111 99.6
1112 99.6
1113 99.6
1114 99.6
1115 99.6
1116 99.6
1117 99.6
1118 99.6
1119 99.6
1120 99.6
1121 99.6
1122 99.6
1123 99.6
1124 99.6
1125 99.6
1126 99.6
1127 99.6
1128 99.6
1129 99.6
1130 99.6
1131 99.6
1132 99.6
1133 99.6
1134 99.6
1135 99.6
1136 99.6
1137 99.6
1138 99.6
1139 99.6
1140 99.6
1141 99.6
1142 99.6
1143 99.6
1144 99.6
1145 99.6
1146 99.6
1147 99.6
1148 99.6
1149 99.6
1150 99.6
1151 99.6
1152 99.6
1153 99.6
1154 99.6
1155 99.6
1156 99.6
1157 99.6
1158 99.6
1159 99.6
1160 99.6
1161 99.6
1162 99.6
1163 99.6
1164 99.6
1165 99.6
1166 99.6
1167 99.6
1168 99.6
1169 99.6
1170 99.6
1171 99.6
1172 99.6
1173 99.6
1174 99.6
1175 99.6
1176 99.6
1177 99.6
1178 99.6
1179 99.6
1180 99.6
1181 99.6
1182 99.6
1183 99.6
1184 99.6
1185 99.6
1186 99.6
1187 99.6
1188 99.6
1189 99.6
1190 99.6
1191 99.6
1192 99.6
1193 99.6
1194 99.6
1195 99.6
1196 99.6
1197 99.6
1198 99.6
1199 99.6
1200 99.6
1201 99.6
1202 99.6
1203 99.6
1204 99.6
1205 99.6
1206 99.6
1207 99.6
1208 99.6
1209 99.6
1210 99.6
1211 99.6
1212 99.6
1213 99.6
1214 99.6
1215 99.6
1216 99.6
1217 99.6
1218 99.6
1219 99.6
1220 99.6
1221 99.6
1222 99.6
1223 99.6
1224 99.6
1225 99.6
1226 99.6
1227 99.6
1228 99.6
1229 99.6
1230 99.6
1231 99.6
1232 99.6
1233 99.6
1234 99.6
1235 99.6
1236 99.6
1237 99.6
1238 99.6
1239 99.6
1240 99.6
1241 99.6
1242 99.6
1243 99.6
1244 99.6
1245 99.6
1246 99.6
1247 99.6
1248 99.6
1249 99.6
1250 99.6
1251 99.6
1252 99.6
1253 99.6
1254 99.6
1255 99.6
1256 99.6
1257 99.6
1258 99.6
1259 99.6
1260 99.6
1261 99.6
1262 99.6
1263 99.6
1264 99.6
1265 99.6
1266 99.6
1267 99.6
1268 99.6
1269 99.6
1270 99.6
1271 99.6
1272 99.6
1273 99.6
1274 99.6
1275 99.6
1276 99.6
1277 99.6
1278 99.6
1279 99.6
1280 99.6
1281 99.6
1282 99.6
1283 99.6
1284 99.6
1285 99.6
1286 99.6
1287 99.6
1288 99.6
1289 99.6
1290 99.6
1291 99.6
1292 99.6
1293 99.6
1294 99.6
1295 99.6
1296 99.6
1297 99.6
1298 99.6
1299 99.6
1300 99.6
1301 99.6
1302 99.6
1303 99.6
1304 99.6
1305 99.6
1306 99.6
1307 99.6
1308 99.6
1309 99.6
1310 99.6
1311 99.6
1312 99.6
1313 99.6
1314 99.6
1315 99.6
1316 99.6
1317 99.6
1318 99.6
1319 99.6
1320 99.6
1321 99.6
1322 99.6
1323 99.6
1324 99.6
1325 99.6
1326 99.6
1327 99.6
1328 99.6
1329 99.6
1330 99.6
1331 99.6
1332 99.6
1333 99.6
1334 99.6
1335 99.6
1336 99.6
1337 99.6
1338 99.6
1339 99.6
1340 99.6
1341 99.6
1342 99.6
1343 99.6
1344 99.6
1345 99.6
1346 99.6
1347 99.6
1348 99.6
1349 99.6
1350 99.6
1351 99.6
1352 99.6
1353 99.6
1354 99.6
1355 99.6
1356 99.6
1357 99.6
1358 99.6
1359 99.6
1360 99.6
1361 99.6
1362 99.6
1363 99.6
1364 99.6
1365 99.6
1366 99.6
1367 99.6
1368 99.6
1369 99.6
1370 99.6
1371 99.6
1372 99.6
1373 99.6
1374 99.6
1375 99.6
1376 99.6
1377 99.6
1378 99.6
1379 99.6
1380 99.6
1381 99.6
1382 99.6
1383 99.6
1384 99.6
1385 99.6
1386 99.6
1387 99.6
1388 99.6
1389 99.6
1390 99.6
1391 99.6
1392 99.6
1393 99.6
1394 99.6
1395 99.6
1396 99.6
1397 99.6
1398 99.6
1399 99.6
1400 99.6
1401 99.6
1402 99.6
1403 99.6
1404 99.6
1405 99.6
1406 99.6
1407 99.6
1408 99.6
1409 99.6
1410 99.6
1411 99.6
1412 99.6
1413 99.6
1414 99.6
1415 99.6
1416 99.6
1417 99.6
1418 99.6
1419 99.6
1420 99.6
1421 99.6
1422 99.6
1423 99.6
1424 99.6
1425 99.6
1426 99.6
1427 99.6
1428 99.6
1429 99.6
1430 99.6
1431 99.6
1432 99.6
1433 99.6
1434 99.6
1435 99.6
1436 99.6
1437 99.6
1438 99.6
1439 99.6
1440 99.6
1441 99.6
1442 99.6
1443 99.6
1444 99.6
1445 99.6
1446 99.6
1447 99.6
1448 99.6
1449 99.6
1450 99.6
1451 99.6
1452 99.6
1453 99.6
1454 99.6
1455 99.6
1456 99.6
1457 99.6
1458 99.6
1459 99.6
1460 99.6
1461 99.6
1462 99.6
1463 99.6
1464 99.6
1465 99.6
1466 99.6
1467 99.6
1468 99.6
1469 99.6
1470 99.6
1471 99.6
1472 99.6
1473 99.6
1474 99.6
1475 99.6
1476 99.6
1477 99.6
1478 99.6
1479 99.6
1480 99.6
1481 99.6
1482 99.6
1483 99.6
1484 99.6
1485 99.6
1486 99.6
1487 99.6
1488 99.6
1489 99.6
1490 99.6
1491 99.6
1492 99.6
1493 99.6
1494 99.6
1495 99.6
1496 99.6
1497 99.6
1498 99.6
1499 99.6
1500 99.6
1501 99.6
1502 99.6
1503 99.6
1504 99.6
1505 99.6
1506 99.6
1507 99.6
1508 99.6
1509 99.6
1510 99.6
1511 99.6
1512 99.6
1513 99.6
1514 99.6
1515 99.6
1516 99.6
1517 99.6
1518 99.6
1519 99.6
1520 99.6
1521 99.6
1522 99.6
1523 99.6
1524 99.6
1525 99.6
1526 99.6
1527 99.6
1528 99.6
1529 99.6
1530 99.6
1531 99.6
1532 99.6
1533 99.6
1534 99.6
1535 99.6
1536 99.6
1537 99.6
1538 99.6
1539 99.6
1540 99.6
1541 99.6
1542 99.6
1543 99.6
1544 99.6
1545 99.6
1546 99.6
1547 99.6
1548 99.6
1549 99.6
